1 0.5546875 0.31171875 0.19296875 0.14609375
1 0.29296875 0.37109375 0.19453125 0.178125
0 0.51796875 0.2046875 0.3109375 0.15390625
1 0.428125 0.22578125 0.13671875 0.11484375
1 0.0875 0.6625 0.171875 0.27890625
1 0.94765625 0.428125 0.10078125 0.14140625
1 0.1296875 0.24375 0.0921875 0.10546875
1 0.05390625 0.30703125 0.0765625 0.134375
1 0.196875 0.171875 0.09765625 0.10625
1 0.58671875 0.203125 0.175 0.1453125
1 0.0421875 0.8375 0.0828125 0.15859375
1 0.03671875 0.209375 0.0609375 0.08046875
1 0.06171875 0.14609375 0.05546875 0.06484375
1 0.01171875 0.259375 0.02265625 0.07421875
1 0.0203125 0.1453125 0.03984375 0.06328125