1 0.54296875 0.3109375 0.19296875 0.1453125
1 0.26796875 0.42578125 0.18125 0.203125
0 0.49140625 0.19453125 0.24140625 0.14765625
1 0.41484375 0.20859375 0.08359375 0.10859375
1 0.82890625 0.378125 0.209375 0.15078125
1 0.10859375 0.69375 0.21484375 0.4484375
1 0.13203125 0.24375 0.09296875 0.103125
1 0.91484375 0.53828125 0.16796875 0.2140625
1 0.046875 0.38203125 0.08984375 0.2
1 0.5328125 0.1828125 0.1625 0.13046875
1 0.03984375 0.284375 0.06953125 0.09921875
1 0.046875 0.21484375 0.06953125 0.078125
1 0.04609375 0.146875 0.0859375 0.075