1 0.23125 0.35390625 0.16171875 0.159375
1 0.56796875 0.3140625 0.18984375 0.14609375
1 0.40390625 0.2390625 0.16328125 0.11796875
1 0.23984375 0.1734375 0.10546875 0.11328125
1 0.12109375 0.24140625 0.08671875 0.09921875
1 0.04296875 0.29140625 0.07421875 0.12890625
1 0.68203125 0.2421875 0.18203125 0.1765625
1 0.978125 0.44296875 0.03984375 0.103125
1 0.021875 0.740625 0.04296875 0.165625
1 0.03203125 0.21171875 0.06015625 0.07578125
1 0.0625 0.14375 0.05078125 0.06015625
1 0.02109375 0.14765625 0.03984375 0.06015625