1 0.54296875 0.3109375 0.19296875 0.1453125
1 0.25859375 0.4390625 0.18828125 0.21015625
0 0.49453125 0.190625 0.24609375 0.14453125
1 0.41484375 0.209375 0.08359375 0.10703125
1 0.83125 0.37578125 0.20859375 0.14453125
1 0.1078125 0.69453125 0.21328125 0.4453125
1 0.13203125 0.24375 0.09296875 0.10390625
1 0.88984375 0.528125 0.215625 0.22109375
1 0.0484375 0.3796875 0.0890625 0.1984375
1 0.5328125 0.1828125 0.16328125 0.13046875
1 0.03515625 0.28359375 0.06328125 0.1015625
1 0.046875 0.21328125 0.06796875 0.078125
1 0.0453125 0.14375 0.08671875 0.07890625