1 0.20546875 0.5015625 0.20859375 0.2359375
1 0.5421875 0.303125 0.19296875 0.13046875
1 0.65390625 0.47265625 0.27421875 0.23203125
0 0.49453125 0.1953125 0.25390625 0.17265625
1 0.4125 0.21328125 0.08828125 0.11171875
1 0.8640625 0.39921875 0.20390625 0.17421875
1 0.13125 0.24375 0.0921875 0.10078125
1 0.09140625 0.7109375 0.18046875 0.41328125
1 0.059375 0.3515625 0.07890625 0.1703125
1 0.53203125 0.18359375 0.16328125 0.1296875
1 0.04765625 0.215625 0.065625 0.08125
1 0.02578125 0.28046875 0.05 0.103125
1 0.0203125 0.1484375 0.0390625 0.06171875
1 0.0765625 0.1640625 0.07890625 0.09609375
1 0.06171875 0.14609375 0.05078125 0.0640625