1 0.46796875 0.4234375 0.24765625 0.2109375
1 0.1546875 0.55859375 0.21875 0.259375
1 0.90546875 0.415625 0.1859375 0.17421875
1 0.54296875 0.31015625 0.19140625 0.14453125
0 0.4921875 0.2 0.26015625 0.1671875
1 0.4078125 0.21953125 0.0921875 0.11484375
1 0.13203125 0.24296875 0.09296875 0.1015625
1 0.07109375 0.74765625 0.14140625 0.34140625
1 0.0625 0.33359375 0.07734375 0.15
1 0.5328125 0.18359375 0.16171875 0.1296875
1 0.1296875 0.1625 0.078125 0.0765625
1 0.06328125 0.14765625 0.05234375 0.0640625
1 0.04453125 0.2109375 0.06328125 0.08515625
1 0.02890625 0.27578125 0.05546875 0.10859375
1 0.0203125 0.14765625 0.0390625 0.06015625