1 0.54296875 0.3109375 0.19296875 0.1453125
0 0.49375 0.2 0.246875 0.15859375
1 0.41484375 0.209375 0.08359375 0.10859375
1 0.85234375 0.52421875 0.2515625 0.2359375
1 0.13203125 0.24375 0.09296875 0.10390625
1 0.10625 0.696875 0.2109375 0.440625
1 0.83515625 0.384375 0.209375 0.16015625
1 0.053125 0.3765625 0.08203125 0.19453125
1 0.24921875 0.45078125 0.19296875 0.21328125
1 0.5328125 0.1828125 0.16328125 0.13046875
1 0.03359375 0.2828125 0.06328125 0.103125
1 0.0484375 0.2140625 0.06484375 0.0859375
1 0.0453125 0.14609375 0.08671875 0.08125