1 0.45703125 0.3109375 0.19296875 0.1453125
1 0.73203125 0.42578125 0.18125 0.203125
0 0.50859375 0.19453125 0.24140625 0.14765625
1 0.58515625 0.20859375 0.08359375 0.10859375
1 0.17109375 0.378125 0.209375 0.15078125
1 0.89140625 0.69375 0.21484375 0.4484375
1 0.86796875 0.24375 0.09296875 0.103125
1 0.08515625 0.53828125 0.16796875 0.2140625
1 0.953125 0.38203125 0.08984375 0.2
1 0.4671875 0.1828125 0.1625 0.13046875
1 0.96015625 0.284375 0.06953125 0.09921875
1 0.953125 0.21484375 0.06953125 0.078125
1 0.95390625 0.146875 0.0859375 0.075