1 0.4578125 0.3109375 0.19296875 0.1453125
0 0.5078125 0.1875 0.24296875 0.1375
1 0.5859375 0.21015625 0.08515625 0.109375
1 0.86796875 0.24375 0.09296875 0.103125
1 0.19765625 0.509375 0.26171875 0.2390625
1 0.89609375 0.69921875 0.20546875 0.4359375
1 0.159375 0.39140625 0.20703125 0.17109375
1 0.94453125 0.371875 0.0796875 0.18984375
1 0.4671875 0.18359375 0.16328125 0.1296875
1 0.9515625 0.215625 0.06484375 0.08125
1 0.7609375 0.46328125 0.196875 0.21875
1 0.9703125 0.28203125 0.05703125 0.10078125
1 0.9546875 0.15 0.08671875 0.08125