1 0.54296875 0.3109375 0.19296875 0.1453125
1 0.27734375 0.41171875 0.17265625 0.1984375
0 0.49140625 0.1890625 0.2390625 0.140625
1 0.41484375 0.20859375 0.0828125 0.10859375
1 0.82578125 0.38671875 0.209375 0.171875
1 0.10859375 0.69296875 0.21484375 0.45
1 0.13203125 0.24375 0.09296875 0.103125
1 0.9453125 0.54375 0.10703125 0.18984375
1 0.0453125 0.4015625 0.08984375 0.18125
1 0.5328125 0.1828125 0.1625 0.13046875
1 0.046875 0.28671875 0.07890625 0.10078125
1 0.04765625 0.21484375 0.06640625 0.078125
1 0.0453125 0.16015625 0.08828125 0.09453125