1 0.51171875 0.4359375 0.25703125 0.21953125
1 0.1671875 0.54375 0.2171875 0.25390625
1 0.54296875 0.31015625 0.19140625 0.14453125
0 0.48828125 0.20078125 0.25859375 0.16484375
1 0.409375 0.21796875 0.0890625 0.11328125
1 0.13203125 0.24375 0.09296875 0.1015625
1 0.8984375 0.4109375 0.19765625 0.17421875
1 0.0625 0.3375 0.07734375 0.153125
1 0.0765625 0.7375 0.15078125 0.36171875
1 0.5328125 0.1828125 0.16328125 0.13046875
1 0.1203125 0.165625 0.084375 0.08203125
1 0.06171875 0.146875 0.05078125 0.06484375
1 0.04140625 0.20390625 0.0546875 0.065625
1 0.028125 0.278125 0.05390625 0.10625
1 0.02109375 0.14765625 0.03828125 0.06015625