1 0.5421875 0.3109375 0.19296875 0.1453125
1 0.228125 0.47578125 0.2015625 0.225
1 0.75390625 0.496875 0.26796875 0.234375
0 0.4890625 0.19296875 0.24375 0.14375
1 0.4140625 0.21171875 0.0859375 0.11171875
1 0.846875 0.39296875 0.20546875 0.1734375
1 0.13125 0.24375 0.0921875 0.1015625
1 0.1 0.70078125 0.1984375 0.43359375
1 0.05859375 0.36171875 0.0796875 0.18203125
1 0.5328125 0.1828125 0.16328125 0.13046875
1 0.0484375 0.2140625 0.06484375 0.07890625
1 0.028125 0.28125 0.05390625 0.09921875
1 0.0625 0.15546875 0.059375 0.08359375
1 0.0203125 0.1484375 0.0390625 0.0609375