1 0.61484375 0.4 0.22421875 0.1984375
1 0.4546875 0.3109375 0.19140625 0.1453125
1 0.87421875 0.59140625 0.22734375 0.26953125
1 0.07890625 0.42421875 0.1546875 0.17109375
0 0.5078125 0.2 0.27421875 0.15859375
1 0.59140625 0.2234375 0.103125 0.1140625
1 0.86875 0.24296875 0.09296875 0.103125
1 0.9390625 0.325 0.07734375 0.14609375
1 0.84375 0.1671875 0.08515625 0.09140625
1 0.4609375 0.1859375 0.16640625 0.13046875
1 0.98203125 0.271875 0.0359375 0.1015625
1 0.9375 0.77109375 0.12265625 0.29375
1 0.93671875 0.146875 0.05234375 0.06640625
1 0.959375 0.2140625 0.06328125 0.084375