1 0.38515625 0.4 0.22421875 0.1984375
1 0.5453125 0.3109375 0.19140625 0.1453125
1 0.12578125 0.59140625 0.22734375 0.26953125
1 0.92109375 0.42421875 0.1546875 0.17109375
0 0.4921875 0.2 0.27421875 0.15859375
1 0.40859375 0.2234375 0.103125 0.1140625
1 0.13125 0.24296875 0.09296875 0.103125
1 0.0609375 0.325 0.07734375 0.14609375
1 0.15625 0.1671875 0.08515625 0.09140625
1 0.5390625 0.1859375 0.16640625 0.13046875
1 0.01796875 0.271875 0.0359375 0.1015625
1 0.0625 0.77109375 0.12265625 0.29375
1 0.06328125 0.146875 0.05234375 0.06640625
1 0.040625 0.2140625 0.06328125 0.084375