1 0.4515625 0.3109375 0.19140625 0.1484375
1 0.65078125 0.38984375 0.21328125 0.19296875
1 0.88671875 0.60859375 0.221875 0.2734375
0 0.5015625 0.20390625 0.28125 0.16640625
1 0.58828125 0.22421875 0.1140625 0.11484375
1 0.0703125 0.42109375 0.13828125 0.15390625
1 0.86875 0.24296875 0.09296875 0.103125
1 0.94140625 0.31796875 0.07734375 0.140625
1 0.828125 0.16875 0.08671875 0.09921875
1 0.4484375 0.18828125 0.1671875 0.134375
1 0.984375 0.26328125 0.03125 0.0796875
1 0.93671875 0.146875 0.053125 0.06796875
1 0.96015625 0.2140625 0.06171875 0.0796875
1 0.978125 0.13984375 0.0359375 0.0484375