1 0.4578125 0.309375 0.19375 0.1453125
1 0.29609375 0.48515625 0.27578125 0.23515625
1 0.78359375 0.48828125 0.20625 0.23125
0 0.50859375 0.1890625 0.24140625 0.15078125
1 0.58671875 0.21328125 0.08671875 0.11328125
1 0.1453125 0.39609375 0.20546875 0.17421875
1 0.9046875 0.70625 0.1890625 0.4234375
1 0.940625 0.3546875 0.08046875 0.178125
1 0.4671875 0.1828125 0.16328125 0.13046875
1 0.95234375 0.21484375 0.065625 0.0796875
1 0.93046875 0.16328125 0.06875 0.0953125
1 0.971875 0.2796875 0.05390625 0.1015625
1 0.86796875 0.228125 0.09296875 0.13515625
1 0.9796875 0.1484375 0.0390625 0.0609375