1 0.19375 0.5140625 0.2109375 0.24140625
1 0.60625 0.4609375 0.2703125 0.22890625
1 0.5421875 0.30234375 0.19296875 0.12890625
0 0.4921875 0.196875 0.25 0.165625
1 0.41171875 0.21484375 0.08828125 0.11328125
1 0.87578125 0.403125 0.20546875 0.17421875
1 0.13203125 0.24375 0.09140625 0.1015625
1 0.0875 0.71875 0.17265625 0.396875
1 0.06171875 0.3484375 0.078125 0.16328125
1 0.53203125 0.18359375 0.16484375 0.1296875
1 0.0484375 0.21640625 0.06640625 0.08359375
1 0.025 0.28046875 0.04765625 0.10390625
1 0.0203125 0.1484375 0.0390625 0.06171875
1 0.08203125 0.16328125 0.09140625 0.0953125