1 0.76875 0.35390625 0.16171875 0.159375
1 0.43203125 0.3140625 0.18984375 0.14609375
1 0.59609375 0.2390625 0.16328125 0.11796875
1 0.76015625 0.1734375 0.10546875 0.11328125
1 0.87890625 0.24140625 0.08671875 0.09921875
1 0.95703125 0.29140625 0.07421875 0.12890625
1 0.31796875 0.2421875 0.18203125 0.1765625
1 0.021875 0.44296875 0.03984375 0.103125
1 0.978125 0.740625 0.04296875 0.165625
1 0.96796875 0.21171875 0.06015625 0.07578125
1 0.9375 0.14375 0.05078125 0.06015625
1 0.97890625 0.14765625 0.03984375 0.06015625