1 0.42421875 0.41171875 0.23515625 0.20625
1 0.54375 0.3109375 0.19140625 0.1453125
1 0.13984375 0.5734375 0.221875 0.2640625
1 0.91328125 0.42109375 0.16953125 0.17421875
0 0.48828125 0.19453125 0.2640625 0.15234375
1 0.40625 0.22265625 0.09375 0.115625
1 0.13203125 0.24296875 0.09296875 0.103125
1 0.06171875 0.328125 0.0765625 0.14609375
1 0.5328125 0.18359375 0.16484375 0.13046875
1 0.1421875 0.16484375 0.08359375 0.08359375
1 0.0671875 0.75859375 0.13203125 0.31953125
1 0.06328125 0.14765625 0.05234375 0.065625
1 0.02109375 0.27265625 0.040625 0.10078125
1 0.04296875 0.2125 0.06328125 0.0859375