1 0.12578125 0.271875 0.1 0.09609375
1 0.2953125 0.29375 0.06953125 0.0875
1 0.8640625 0.75546875 0.19609375 0.25390625
1 0.903125 0.378125 0.14609375 0.11953125
1 0.60625 0.475 0.10390625 0.128125
1 0.41953125 0.45390625 0.0953125 0.15703125
1 0.275 0.415625 0.06875 0.10703125
1 0.49921875 0.321875 0.0875 0.1609375
1 0.4421875 0.26171875 0.03984375 0.06640625
1 0.36640625 0.24296875 0.04140625 0.05390625
1 0.425 0.20625 0.0296875 0.0484375
1 0.4015625 0.1546875 0.028125 0.0375
1 0.38515625 0.0953125 0.03203125 0.05703125
1 0.36328125 0.1359375 0.02109375 0.03359375
1 0.3703125 0.18671875 0.03515625 0.05