1 0.7875 0.2359375 0.05625 0.090625
1 0.4734375 0.22578125 0.07578125 0.103125
1 0.596875 0.33203125 0.15546875 0.09453125
1 0.625 0.12109375 0.034375 0.065625
1 0.67421875 0.0984375 0.03671875 0.05
1 0.55078125 0.09453125 0.03984375 0.06640625
1 0.4390625 0.0984375 0.0484375 0.0875
1 0.4859375 0.11953125 0.0375 0.05
1 0.671875 0.61640625 0.13671875 0.18046875
1 0.8078125 0.690625 0.22890625 0.22890625
1 0.2078125 0.440625 0.09453125 0.1390625
1 0.2234375 0.246875 0.09453125 0.07890625
1 0.26015625 0.30078125 0.0765625 0.09453125
1 0.3171875 0.12890625 0.04375 0.0484375
1 0.09453125 0.20859375 0.05625 0.078125
1 0.128125 0.25078125 0.08046875 0.08203125