1 0.090625 0.21171875 0.05546875 0.08359375
1 0.121875 0.253125 0.06484375 0.0859375
1 0.2171875 0.4109375 0.08515625 0.134375
1 0.2796875 0.28828125 0.07890625 0.0984375
1 0.21953125 0.24296875 0.0875 0.07890625
1 0.2796875 0.21171875 0.05859375 0.08359375
1 0.31796875 0.13203125 0.04375 0.05859375
1 0.440625 0.0984375 0.053125 0.0875
1 0.7859375 0.2421875 0.0609375 0.0734375
1 0.68046875 0.6125 0.134375 0.159375
1 0.8078125 0.68515625 0.22890625 0.24296875
1 0.5921875 0.33359375 0.1625 0.0875
1 0.50546875 0.240625 0.090625 0.08359375
1 0.471875 0.2015625 0.04453125 0.07109375
1 0.62109375 0.13515625 0.0390625 0.05703125
1 0.66953125 0.103125 0.0390625 0.05703125
1 0.5578125 0.090625 0.04375 0.078125
1 0.49375 0.11640625 0.04140625 0.0484375