1 0.72578125 0.675 0.0625 0.1953125
1 0.85078125 0.53125 0.05 0.1765625
1 0.765625 0.4609375 0.05859375 0.16875
1 0.690625 0.51796875 0.05859375 0.16328125
1 0.09140625 0.58046875 0.08359375 0.18515625
1 0.28984375 0.2734375 0.05234375 0.13046875
1 0.23671875 0.2171875 0.04609375 0.1359375
1 0.18046875 0.3125 0.03984375 0.14375
1 0.096875 0.33046875 0.06015625 0.15234375
1 0.17734375 0.1875 0.05859375 0.11171875
1 0.240625 0.83671875 0.16640625 0.31015625
1 0.09296875 0.2078125 0.04375 0.10078125
1 0.88125 0.25 0.11640625 0.14921875