0 0.84296875 0.7109375 0.290625 0.253125
1 0.63359375 0.4875 0.06640625 0.16640625
1 0.490625 0.46796875 0.0625 0.17734375
1 0.32109375 0.53359375 0.06640625 0.19296875
1 0.08203125 0.6046875 0.059375 0.19453125
1 0.1046875 0.49140625 0.04453125 0.1578125
1 0.040625 0.54140625 0.0359375 0.1890625
1 0.378125 0.4375 0.05 0.171875
1 0.5359375 0.37421875 0.1125 0.14765625
1 0.26796875 0.425 0.1375 0.15625
1 0.21171875 0.3328125 0.13046875 0.14609375
1 0.36328125 0.32109375 0.10546875 0.11796875
1 0.59609375 0.2875 0.11953125 0.11484375
1 0.42890625 0.271875 0.0984375 0.1109375
1 0.3265625 0.23203125 0.10703125 0.10078125
1 0.54609375 0.22421875 0.1125 0.1578125