1 0.8796875 0.271875 0.10859375 0.09609375
1 0.096875 0.37890625 0.15703125 0.11796875
1 0.1125 0.78203125 0.2078125 0.234375
1 0.390625 0.46875 0.10625 0.128125
1 0.4640625 0.61875 0.1625 0.2265625
1 0.65625 0.5671875 0.16171875 0.1609375
1 0.7 0.36796875 0.0765625 0.140625
1 0.4859375 0.34921875 0.06640625 0.09453125
1 0.53671875 0.26171875 0.06015625 0.11796875
1 0.634375 0.28515625 0.04921875 0.07109375
1 0.625 0.23203125 0.0375 0.05703125
1 0.61875 0.084375 0.0234375 0.04609375
1 0.634375 0.15703125 0.0234375 0.0375
1 0.584375 0.18984375 0.028125 0.04453125
1 0.6015625 0.14375 0.0234375 0.0359375
1 0.64140625 0.0984375 0.01875 0.02890625