1 0.70625 0.50625 0.08359375 0.13203125
1 0.53984375 0.5265625 0.12734375 0.1765625
1 0.28046875 0.60078125 0.14375 0.1734375
1 0.09453125 0.38671875 0.15 0.13203125
1 0.446875 0.403125 0.0765625 0.1
1 0.709375 0.32578125 0.06875 0.1109375
1 0.88046875 0.271875 0.10625 0.08359375
1 0.52578125 0.29140625 0.0734375 0.134375
1 0.6359375 0.2609375 0.04375 0.065625
1 0.6234375 0.2140625 0.03046875 0.04609375
1 0.6359375 0.14609375 0.0203125 0.03203125
1 0.57890625 0.20234375 0.02578125 0.04453125
1 0.603125 0.14375 0.01875 0.0359375
1 0.615625 0.090625 0.0328125 0.05390625