1 0.4546875 0.228125 0.078125 0.0875
1 0.596875 0.334375 0.153125 0.090625
1 0.7875 0.2453125 0.0578125 0.08359375
1 0.6234375 0.1171875 0.0390625 0.07109375
1 0.678125 0.09921875 0.03515625 0.040625
1 0.546875 0.090625 0.05078125 0.090625
1 0.4421875 0.090625 0.05078125 0.09140625
1 0.4828125 0.103125 0.04375 0.0734375
1 0.6703125 0.603125 0.12265625 0.196875
1 0.8078125 0.69609375 0.23203125 0.24296875
1 0.2078125 0.47265625 0.09453125 0.15703125
1 0.2453125 0.30390625 0.0765625 0.08359375
1 0.0953125 0.215625 0.06015625 0.075
1 0.12109375 0.25546875 0.0765625 0.075
1 0.22421875 0.25078125 0.08046875 0.078125
1 0.28046875 0.21484375 0.0578125 0.0859375
1 0.31640625 0.11953125 0.04453125 0.05