1 0.36640625 0.7328125 0.21328125 0.29375
1 0.2078125 0.29375 0.10625 0.1546875
1 0.4296875 0.3734375 0.09140625 0.16640625
1 0.7421875 0.43046875 0.0984375 0.13984375
1 0.7828125 0.3046875 0.05859375 0.1
1 0.7953125 0.17734375 0.084375 0.14609375
1 0.628125 0.24609375 0.1015625 0.21796875
1 0.5109375 0.25859375 0.05 0.125
1 0.41640625 0.2375 0.08125 0.10546875
1 0.040625 0.44453125 0.0609375 0.2015625
1 0.24375 0.44140625 0.05546875 0.1828125
1 0.3640625 0.43046875 0.05390625 0.18671875
1 0.72421875 0.31328125 0.02421875 0.10703125