1 0.734375 0.41171875 0.23828125 0.27734375
1 0.77109375 0.7609375 0.3796875 0.45859375
1 0.928125 0.26953125 0.13984375 0.17734375
1 0.965625 0.1609375 0.06796875 0.115625
1 0.89296875 0.14140625 0.078125 0.11171875
1 0.23046875 0.29375 0.05078125 0.09140625
1 0.2796875 0.23984375 0.04453125 0.071875
1 0.54453125 0.4703125 0.13359375 0.1
1 0.58984375 0.20078125 0.03046875 0.1015625
1 0.72109375 0.23203125 0.03984375 0.07890625
1 0.65078125 0.23359375 0.0375 0.0796875
1 0.79609375 0.3171875 0.0609375 0.1203125