1 0.0921875 0.21015625 0.0609375 0.06953125
1 0.12109375 0.253125 0.071875 0.08359375
1 0.2296875 0.234375 0.1015625 0.075
1 0.2484375 0.32734375 0.07109375 0.1
1 0.3515625 0.265625 0.071875 0.090625
1 0.3140625 0.12578125 0.0421875 0.0625
1 0.2765625 0.21640625 0.05625 0.0734375
1 0.590625 0.32890625 0.15546875 0.1
1 0.7890625 0.2390625 0.05390625 0.07890625
1 0.59765625 0.79375 0.2390625 0.27890625
1 0.6828125 0.6046875 0.13203125 0.14453125
1 0.8046875 0.70625 0.215625 0.25546875
1 0.65 0.2703125 0.0921875 0.08359375
1 0.4921875 0.18515625 0.04375 0.0734375
1 0.44375 0.09296875 0.0578125 0.0734375
1 0.51796875 0.1015625 0.03046875 0.04453125
1 0.584375 0.084375 0.04609375 0.065625
1 0.65546875 0.10546875 0.04140625 0.0484375
1 0.625 0.17265625 0.05078125 0.065625