1 0.02734375 0.596875 0.0546875 0.13203125
1 0.3828125 0.703125 0.16015625 0.24609375
1 0.428125 0.403125 0.109375 0.128125
1 0.7375 0.3875 0.10625 0.146875
1 0.7984375 0.240625 0.05078125 0.1
1 0.8203125 0.66796875 0.20390625 0.24140625
1 0.690625 0.59921875 0.11875 0.1890625
1 0.34921875 0.2640625 0.05625 0.1140625
1 0.44375 0.21484375 0.0640625 0.0859375
1 0.51328125 0.1703125 0.03984375 0.05859375
1 0.46015625 0.096875 0.0515625 0.09609375
1 0.30390625 0.209375 0.053125 0.0875
1 0.23671875 0.18984375 0.05078125 0.090625
1 0.159375 0.2359375 0.0640625 0.0859375
1 0.58203125 0.096875 0.034375 0.05
1 0.6359375 0.13125 0.04375 0.065625
1 0.696875 0.16328125 0.04921875 0.05390625
1 0.66875 0.09296875 0.046875 0.08203125