0 0.7984375 0.428125 0.22421875 0.153125
1 0.7875 0.24296875 0.05546875 0.0875
1 0.65 0.24921875 0.06875 0.09609375
1 0.64296875 0.1375 0.0375 0.053125
1 0.6921875 0.090625 0.03984375 0.075
1 0.52578125 0.1171875 0.03671875 0.05859375
1 0.459375 0.21015625 0.05078125 0.06953125
1 0.3625 0.21875 0.0484375 0.065625
1 0.2546875 0.4265625 0.09296875 0.178125
1 0.2734375 0.2125 0.0578125 0.09453125
1 0.321875 0.32578125 0.0875 0.128125
1 0.196875 0.23828125 0.0859375 0.08203125
1 0.1234375 0.253125 0.06640625 0.08203125
1 0.090625 0.21171875 0.0484375 0.08359375
1 0.31875 0.125 0.04453125 0.053125
1 0.45078125 0.09453125 0.0640625 0.09609375
1 0.675 0.615625 0.1140625 0.19453125
1 0.809375 0.71484375 0.2265625 0.28046875