0 0.15703125 0.7109375 0.290625 0.253125
1 0.36640625 0.4875 0.06640625 0.16640625
1 0.509375 0.46796875 0.0625 0.17734375
1 0.67890625 0.53359375 0.06640625 0.19296875
1 0.91796875 0.6046875 0.059375 0.19453125
1 0.8953125 0.49140625 0.04453125 0.1578125
1 0.959375 0.54140625 0.0359375 0.1890625
1 0.621875 0.4375 0.05 0.171875
1 0.4640625 0.37421875 0.1125 0.14765625
1 0.73203125 0.425 0.1375 0.15625
1 0.78828125 0.3328125 0.13046875 0.14609375
1 0.63671875 0.32109375 0.10546875 0.11796875
1 0.40390625 0.2875 0.11953125 0.11484375
1 0.57109375 0.271875 0.0984375 0.1109375
1 0.6734375 0.23203125 0.10703125 0.10078125
1 0.45390625 0.22421875 0.1125 0.1578125