1 0.33515625 0.1234375 0.03515625 0.05390625
1 0.22421875 0.19296875 0.05390625 0.07109375
1 0.14375 0.2453125 0.053125 0.06640625
1 0.121875 0.2078125 0.05078125 0.0875
1 0.021875 0.6109375 0.04296875 0.13203125
1 0.465625 0.4140625 0.14765625 0.14453125
1 0.4203125 0.2390625 0.06640625 0.0875
1 0.709375 0.34609375 0.096875 0.134375
1 0.7953125 0.240625 0.05390625 0.078125
1 0.6890625 0.1546875 0.0484375 0.0625
1 0.484375 0.865625 0.2296875 0.26796875
1 0.6765625 0.5984375 0.10625 0.16953125
1 0.8171875 0.68671875 0.20859375 0.25859375
1 0.503125 0.18046875 0.046875 0.05859375
1 0.3171875 0.2984375 0.07421875 0.1109375
1 0.2953125 0.21484375 0.0609375 0.0859375
1 0.6359375 0.12578125 0.03515625 0.05390625
1 0.5671875 0.10078125 0.0375 0.04609375
1 0.5046875 0.078125 0.0484375 0.08359375
1 0.45546875 0.0984375 0.0515625 0.09140625
1 0.6703125 0.0859375 0.0484375 0.07109375