1 0.884375 0.27421875 0.10859375 0.09140625
1 0.6390625 0.140625 0.02109375 0.0375
1 0.0953125 0.384375 0.15234375 0.1109375
1 0.28125 0.565625 0.13125 0.165625
1 0.3734375 0.771875 0.19609375 0.29609375
1 0.6390625 0.578125 0.1546875 0.15546875
1 0.6859375 0.39921875 0.08046875 0.153125
1 0.4578125 0.3875 0.08125 0.1
1 0.50703125 0.30703125 0.05390625 0.078125
1 0.63203125 0.3046875 0.04921875 0.08203125
1 0.546875 0.240625 0.04921875 0.09140625
1 0.6296875 0.246875 0.0421875 0.0609375
1 0.621875 0.078125 0.02109375 0.04609375
1 0.6015625 0.1546875 0.02109375 0.0375
1 0.6296875 0.175 0.02265625 0.0484375