1 0.9078125 0.21015625 0.0609375 0.06953125
1 0.87890625 0.253125 0.071875 0.08359375
1 0.7703125 0.234375 0.1015625 0.075
1 0.7515625 0.32734375 0.07109375 0.1
1 0.6484375 0.265625 0.071875 0.090625
1 0.6859375 0.12578125 0.0421875 0.0625
1 0.7234375 0.21640625 0.05625 0.0734375
1 0.409375 0.32890625 0.15546875 0.1
1 0.2109375 0.2390625 0.05390625 0.07890625
1 0.40234375 0.79375 0.2390625 0.27890625
1 0.3171875 0.6046875 0.13203125 0.14453125
1 0.1953125 0.70625 0.215625 0.25546875
1 0.35 0.2703125 0.0921875 0.08359375
1 0.5078125 0.18515625 0.04375 0.0734375
1 0.55625 0.09296875 0.0578125 0.0734375
1 0.48203125 0.1015625 0.03046875 0.04453125
1 0.415625 0.084375 0.04609375 0.065625
1 0.34453125 0.10546875 0.04140625 0.0484375
1 0.375 0.17265625 0.05078125 0.065625