1 0.66484375 0.1234375 0.03515625 0.05390625
1 0.77578125 0.19296875 0.05390625 0.07109375
1 0.85625 0.2453125 0.053125 0.06640625
1 0.878125 0.2078125 0.05078125 0.0875
1 0.978125 0.6109375 0.04296875 0.13203125
1 0.534375 0.4140625 0.14765625 0.14453125
1 0.5796875 0.2390625 0.06640625 0.0875
1 0.290625 0.34609375 0.096875 0.134375
1 0.2046875 0.240625 0.05390625 0.078125
1 0.3109375 0.1546875 0.0484375 0.0625
1 0.515625 0.865625 0.2296875 0.26796875
1 0.3234375 0.5984375 0.10625 0.16953125
1 0.1828125 0.68671875 0.20859375 0.25859375
1 0.496875 0.18046875 0.046875 0.05859375
1 0.6828125 0.2984375 0.07421875 0.1109375
1 0.7046875 0.21484375 0.0609375 0.0859375
1 0.3640625 0.12578125 0.03515625 0.05390625
1 0.4328125 0.10078125 0.0375 0.04609375
1 0.4953125 0.078125 0.0484375 0.08359375
1 0.54453125 0.0984375 0.0515625 0.09140625
1 0.3296875 0.0859375 0.0484375 0.07109375