1 0.090625 0.21171875 0.0421875 0.0875
1 0.121875 0.25546875 0.078125 0.075
1 0.221875 0.24296875 0.10390625 0.08359375
1 0.25546875 0.31875 0.071875 0.10390625
1 0.2765625 0.2125 0.0515625 0.06953125
1 0.315625 0.121875 0.0390625 0.05390625
1 0.3640625 0.2609375 0.07421875 0.08203125
1 0.4953125 0.175 0.0484375 0.0609375
1 0.440625 0.090625 0.04921875 0.09140625
1 0.58828125 0.0828125 0.04375 0.06953125
1 0.521875 0.10546875 0.03671875 0.04453125
1 0.653125 0.109375 0.0421875 0.053125
1 0.628125 0.17734375 0.04609375 0.06953125
1 0.7890625 0.24296875 0.05390625 0.09609375
1 0.671875 0.27421875 0.10859375 0.09140625
1 0.590625 0.33515625 0.16171875 0.10859375
1 0.6734375 0.5921875 0.11640625 0.203125
1 0.80546875 0.6875 0.23125 0.23046875
1 0.5484375 0.740625 0.23203125 0.28359375