0 0.58125 0.7328125 0.21484375 0.22890625
1 0.5546875 0.25234375 0.04375 0.13828125
1 0.6015625 0.1546875 0.0375 0.10859375
1 0.65859375 0.17421875 0.03359375 0.1109375
1 0.665625 0.09296875 0.02265625 0.06796875
1 0.6765625 0.25078125 0.025 0.12734375
1 0.67890625 0.37734375 0.05625 0.175
1 0.7375 0.359375 0.0375 0.16015625
1 0.80859375 0.584375 0.0453125 0.22109375
1 0.93125 0.596875 0.04375 0.25859375
1 0.8109375 0.26875 0.04296875 0.12734375
1 0.259375 0.17578125 0.03515625 0.1109375
1 0.434375 0.1 0.02734375 0.084375
1 0.15 0.1265625 0.01875 0.0734375
1 0.06875 0.22734375 0.0984375 0.11796875
1 0.5640625 0.42265625 0.121875 0.221875
1 0.7265625 0.62734375 0.1546875 0.29921875
1 0.975 0.2484375 0.04765625 0.13671875
1 0.89921875 0.34453125 0.0875 0.16796875