1 0.115625 0.27421875 0.10859375 0.09140625
1 0.3609375 0.140625 0.02109375 0.0375
1 0.9046875 0.384375 0.15234375 0.1109375
1 0.71875 0.565625 0.13125 0.165625
1 0.6265625 0.771875 0.19609375 0.29609375
1 0.3609375 0.578125 0.1546875 0.15546875
1 0.3140625 0.39921875 0.08046875 0.153125
1 0.5421875 0.3875 0.08125 0.1
1 0.49296875 0.30703125 0.05390625 0.078125
1 0.36796875 0.3046875 0.04921875 0.08203125
1 0.453125 0.240625 0.04921875 0.09140625
1 0.3703125 0.246875 0.0421875 0.0609375
1 0.378125 0.078125 0.02109375 0.04609375
1 0.3984375 0.1546875 0.02109375 0.0375
1 0.3703125 0.175 0.02265625 0.0484375