1 0.12109375 0.27578125 0.109375 0.090625
1 0.2921875 0.35 0.06875 0.1265625
1 0.35859375 0.128125 0.01875 0.03359375
1 0.375 0.22109375 0.0328125 0.05703125
1 0.3640625 0.2703125 0.0484375 0.06640625
1 0.43125 0.23828125 0.03203125 0.053125
1 0.4671875 0.2703125 0.0640625 0.1140625
1 0.90625 0.38671875 0.15078125 0.11953125
1 0.95859375 0.909375 0.0828125 0.178125
1 0.6609375 0.52265625 0.1234375 0.153125
1 0.4953125 0.5640625 0.15703125 0.196875
1 0.53046875 0.37265625 0.08125 0.10390625
1 0.315625 0.53671875 0.1234375 0.146875
1 0.415625 0.19375 0.0203125 0.053125
1 0.3828125 0.08828125 0.025 0.04609375
1 0.403125 0.15390625 0.03203125 0.03203125