1 0.1796875 0.25234375 0.109375 0.109375
1 0.2296875 0.1234375 0.0921875 0.096875
1 0.57421875 0.11015625 0.1046875 0.1515625
1 0.928125 0.165625 0.0984375 0.1328125
1 0.684375 0.26484375 0.08125 0.1546875
1 0.146875 0.6265625 0.0734375 0.1359375
1 0.08671875 0.76640625 0.1015625 0.109375
1 0.053125 0.87890625 0.1046875 0.1234375
1 0.33359375 0.94609375 0.0921875 0.1078125
1 0.85703125 0.7375 0.1453125 0.159375
1 0.84765625 0.32265625 0.0953125 0.1375
0 0.5015625 0.5203125 0.125 0.253125
1 0.60859375 0.8859375 0.1453125 0.1640625
1 0.725 0.96953125 0.11875 0.0578125