1 0.928125 0.3859375 0.06484375 0.14609375
1 0.53984375 0.61171875 0.2109375 0.31171875
1 0.55078125 0.4171875 0.1609375 0.1828125
1 0.43984375 0.32109375 0.15390625 0.1828125
1 0.2171875 0.37578125 0.20703125 0.2859375
1 0.19453125 0.22109375 0.11796875 0.13359375
1 0.0359375 0.17109375 0.07109375 0.140625
1 0.1078125 0.153125 0.0796875 0.10859375
1 0.371875 0.21640625 0.02890625 0.1046875
1 0.42265625 0.209375 0.03203125 0.06953125
1 0.46953125 0.18125 0.03046875 0.0890625
1 0.78203125 0.2609375 0.046875 0.06875
1 0.73203125 0.225 0.0390625 0.0640625