1 0.9015625 0.37890625 0.15234375 0.11796875
1 0.7 0.54140625 0.134375 0.1609375
1 0.95078125 0.90859375 0.0984375 0.1765625
1 0.63984375 0.80078125 0.215625 0.33046875
1 0.3578125 0.571875 0.17109375 0.16796875
1 0.3140625 0.40078125 0.090625 0.159375
1 0.1171875 0.2765625 0.11796875 0.09609375
1 0.5328125 0.378125 0.08359375 0.0984375
1 0.3671875 0.30625 0.05625 0.08359375
1 0.48828125 0.30390625 0.0515625 0.08359375
1 0.4515625 0.23671875 0.05078125 0.1
1 0.37421875 0.2453125 0.046875 0.05859375
1 0.3703125 0.171875 0.025 0.0375
1 0.3609375 0.14765625 0.025 0.040625
1 0.38359375 0.103125 0.02109375 0.03359375
1 0.409375 0.17265625 0.025 0.04453125