1 0.6921875 0.43828125 0.215625 0.1390625
1 0.659375 0.2671875 0.0734375 0.103125
1 0.790625 0.2484375 0.05546875 0.090625
1 0.92421875 0.5453125 0.1515625 0.171875
1 0.821875 0.696875 0.20859375 0.25390625
1 0.6734375 0.61328125 0.14375 0.1734375
1 0.2546875 0.38359375 0.09453125 0.15546875
1 0.3421875 0.30078125 0.090625 0.1109375
1 0.27265625 0.21015625 0.05625 0.0984375
1 0.1921875 0.2359375 0.07890625 0.0859375
1 0.115625 0.246875 0.0609375 0.08203125
1 0.0953125 0.2078125 0.0640625 0.075
1 0.46875 0.20546875 0.0484375 0.07890625
1 0.375 0.21015625 0.0484375 0.06953125
1 0.315625 0.12265625 0.0421875 0.05703125
1 0.44375 0.09296875 0.0625 0.08203125
1 0.5359375 0.1125 0.0421875 0.0609375
1 0.64765625 0.140625 0.05390625 0.05859375