1 0.40625 0.33125 0.16171875 0.09609375
1 0.2109375 0.2421875 0.05859375 0.090625
1 0.37890625 0.1171875 0.034375 0.05390625
1 0.32421875 0.0984375 0.03984375 0.05
1 0.53515625 0.228125 0.07578125 0.0859375
1 0.321875 0.6171875 0.13828125 0.1859375
1 0.1828125 0.70546875 0.21796875 0.25
1 0.78671875 0.459375 0.090625 0.14296875
1 0.75 0.29765625 0.07578125 0.09609375
1 0.7234375 0.21640625 0.053125 0.078125
1 0.77734375 0.2390625 0.0953125 0.07109375
1 0.87421875 0.2515625 0.0625 0.0625
1 0.9015625 0.2125 0.06484375 0.0734375
1 0.68203125 0.121875 0.04375 0.06640625
1 0.55859375 0.0890625 0.0515625 0.090625
1 0.5140625 0.1015625 0.0390625 0.090625
1 0.4484375 0.09453125 0.046875 0.06640625