0 0.178125 0.4234375 0.1765625 0.146875
1 0.7390625 0.44609375 0.09453125 0.1859375
1 0.3484375 0.240625 0.06640625 0.09140625
1 0.2109375 0.2421875 0.05078125 0.0984375
1 0.32890625 0.609375 0.125 0.178125
1 0.18828125 0.69921875 0.20546875 0.27890625
1 0.68125 0.33984375 0.08984375 0.1265625
1 0.54453125 0.21171875 0.0515625 0.06640625
1 0.640625 0.221875 0.0515625 0.0625
1 0.68359375 0.1234375 0.0375 0.05859375
1 0.728125 0.21171875 0.06484375 0.08359375
1 0.7953125 0.23828125 0.08828125 0.0859375
1 0.9046875 0.20859375 0.0578125 0.0859375
1 0.878125 0.253125 0.08046875 0.0859375
1 0.553125 0.09453125 0.0578125 0.07890625
1 0.478125 0.1234375 0.034375 0.05859375
1 0.3578125 0.12890625 0.046875 0.0609375