1 0.2171875 0.18671875 0.0484375 0.06640625
1 0.1296875 0.24453125 0.0515625 0.06953125
1 0.103125 0.2078125 0.0421875 0.07890625
1 0.28203125 0.32578125 0.07578125 0.10703125
1 0.2828125 0.22109375 0.0609375 0.09453125
1 0.39453125 0.25703125 0.07421875 0.09453125
1 0.325 0.1234375 0.0390625 0.05859375
1 0.44765625 0.0984375 0.053125 0.075
1 0.4984375 0.078125 0.0484375 0.08203125
1 0.4859375 0.1875 0.0421875 0.053125
1 0.40625 0.18671875 0.04609375 0.05
1 0.5359375 0.428125 0.21328125 0.134375
1 0.6859375 0.31015625 0.0921875 0.1265625
1 0.790625 0.2390625 0.0625 0.07890625
1 0.671875 0.15625 0.05625 0.05703125
1 0.5546875 0.10703125 0.0328125 0.05390625
1 0.671875 0.603125 0.1109375 0.1734375
1 0.815625 0.69765625 0.221875 0.2515625
1 0.678125 0.0890625 0.046875 0.078125