1 0.1203125 0.2765625 0.10625 0.0875
1 0.2734375 0.396875 0.06640625 0.11796875
1 0.29609375 0.28515625 0.05859375 0.09140625
1 0.415625 0.453125 0.09453125 0.1515625
1 0.6234375 0.4859375 0.10390625 0.14296875
1 0.909375 0.38125 0.1484375 0.121875
1 0.89453125 0.78984375 0.2109375 0.23359375
1 0.5015625 0.32265625 0.090625 0.171875
1 0.44140625 0.26796875 0.0421875 0.0625
1 0.36640625 0.24453125 0.04140625 0.05703125
1 0.38046875 0.203125 0.02734375 0.05
1 0.36640625 0.13515625 0.025 0.0359375
1 0.39375 0.13359375 0.025 0.0359375
1 0.42421875 0.20859375 0.0296875 0.05703125