1 0.03828125 0.578125 0.0765625 0.15546875
1 0.30390625 0.45234375 0.09765625 0.140625
1 0.4125 0.36171875 0.07109375 0.10703125
1 0.43203125 0.228125 0.0515625 0.09609375
1 0.49140625 0.196875 0.0625 0.07109375
1 0.3265625 0.209375 0.05078125 0.08359375
1 0.18671875 0.23828125 0.0515625 0.08203125
1 0.921875 0.53125 0.15625 0.1859375
1 0.8515625 0.6703125 0.215625 0.24140625
1 0.69609375 0.58671875 0.10859375 0.171875
1 0.9265625 0.340625 0.1453125 0.1609375
1 0.8046875 0.23203125 0.05625 0.078125
1 0.7078125 0.15390625 0.03671875 0.053125
1 0.6421875 0.16015625 0.028125 0.0484375
1 0.54375 0.134375 0.03046875 0.05
1 0.49921875 0.13203125 0.03046875 0.04609375
1 0.6359375 0.10546875 0.0296875 0.04453125
1 0.6671875 0.1078125 0.0421875 0.078125
1 0.7171875 0.0953125 0.02734375 0.03203125
1 0.61796875 0.0984375 0.028125 0.04140625
1 0.4765625 0.10078125 0.046875 0.09609375