0 0.821875 0.4234375 0.1765625 0.146875
1 0.2609375 0.44609375 0.09453125 0.1859375
1 0.6515625 0.240625 0.06640625 0.09140625
1 0.7890625 0.2421875 0.05078125 0.0984375
1 0.67109375 0.609375 0.125 0.178125
1 0.81171875 0.69921875 0.20546875 0.27890625
1 0.31875 0.33984375 0.08984375 0.1265625
1 0.45546875 0.21171875 0.0515625 0.06640625
1 0.359375 0.221875 0.0515625 0.0625
1 0.31640625 0.1234375 0.0375 0.05859375
1 0.271875 0.21171875 0.06484375 0.08359375
1 0.2046875 0.23828125 0.08828125 0.0859375
1 0.0953125 0.20859375 0.0578125 0.0859375
1 0.121875 0.253125 0.08046875 0.0859375
1 0.446875 0.09453125 0.0578125 0.07890625
1 0.521875 0.1234375 0.034375 0.05859375
1 0.6421875 0.12890625 0.046875 0.0609375