1 0.384375 0.4984375 0.1421875 0.23125
1 0.5234375 0.2984375 0.128125 0.16640625
1 0.7 0.31953125 0.15859375 0.221875
1 0.90625 0.64921875 0.1875 0.4328125
1 0.778125 0.20546875 0.10078125 0.13125
1 0.60703125 0.2015625 0.03203125 0.096875
1 0.5546875 0.19921875 0.02890625 0.0828125
1 0.515625 0.1734375 0.0203125 0.07578125
1 0.96015625 0.1671875 0.07421875 0.13125
1 0.8921875 0.15703125 0.07265625 0.10546875
0 0.4046875 0.365625 0.11640625 0.21484375
1 0.06328125 0.40078125 0.06171875 0.153125
1 0.21484375 0.2578125 0.04296875 0.08203125