0 0.3109375 0.36875 0.05390625 0.17109375
1 0.2953125 0.509375 0.1078125 0.2359375
1 0.228125 0.33359375 0.07578125 0.10859375
1 0.6265625 0.39921875 0.1125 0.1734375
1 0.79375 0.29296875 0.09921875 0.1609375
1 0.596875 0.25234375 0.08203125 0.10703125
1 0.39453125 0.2671875 0.1171875 0.215625
1 0.7453125 0.2421875 0.0765625 0.0921875
1 0.8046875 0.89609375 0.27890625 0.20703125
1 0.21015625 0.19921875 0.0921875 0.15078125
1 0.6890625 0.4875 0.0546875 0.20859375
1 0.84296875 0.521875 0.059375 0.24140625
1 0.5234375 0.2765625 0.05078125 0.140625