1 0.70390625 0.20625 0.05859375 0.09453125
1 0.546875 0.409375 0.14140625 0.134375
1 0.5484375 0.815625 0.21953125 0.2765625
1 0.3265625 0.58828125 0.10859375 0.190625
1 0.17734375 0.68359375 0.2109375 0.25546875
1 0.2828125 0.35 0.09296875 0.14296875
1 0.203125 0.240625 0.05390625 0.10390625
1 0.30703125 0.15625 0.0484375 0.05703125
1 0.3640625 0.1234375 0.034375 0.05859375
1 0.421875 0.1046875 0.0375 0.05859375
1 0.4921875 0.17421875 0.0375 0.05390625
1 0.5703125 0.23046875 0.06953125 0.0875
1 0.675 0.28359375 0.08359375 0.1265625
1 0.8484375 0.24296875 0.07578125 0.09140625
1 0.975 0.60703125 0.05 0.128125
1 0.5421875 0.09921875 0.05625 0.078125
1 0.77109375 0.19375 0.046875 0.0859375
1 0.87890625 0.2078125 0.04140625 0.09140625
1 0.6609375 0.12734375 0.034375 0.053125