1 0.615625 0.4984375 0.1421875 0.23125
1 0.4765625 0.2984375 0.128125 0.16640625
1 0.3 0.31953125 0.15859375 0.221875
1 0.09375 0.64921875 0.1875 0.4328125
1 0.221875 0.20546875 0.10078125 0.13125
1 0.39296875 0.2015625 0.03203125 0.096875
1 0.4453125 0.19921875 0.02890625 0.0828125
1 0.484375 0.1734375 0.0203125 0.07578125
1 0.03984375 0.1671875 0.07421875 0.13125
1 0.1078125 0.15703125 0.07265625 0.10546875
0 0.5953125 0.365625 0.11640625 0.21484375
1 0.93671875 0.40078125 0.06171875 0.153125
1 0.78515625 0.2578125 0.04296875 0.08203125