1 0.59375 0.33125 0.16171875 0.09609375
1 0.7890625 0.2421875 0.05859375 0.090625
1 0.62109375 0.1171875 0.034375 0.05390625
1 0.67578125 0.0984375 0.03984375 0.05
1 0.46484375 0.228125 0.07578125 0.0859375
1 0.678125 0.6171875 0.13828125 0.1859375
1 0.8171875 0.70546875 0.21796875 0.25
1 0.21328125 0.459375 0.090625 0.14296875
1 0.25 0.29765625 0.07578125 0.09609375
1 0.2765625 0.21640625 0.053125 0.078125
1 0.22265625 0.2390625 0.0953125 0.07109375
1 0.12578125 0.2515625 0.0625 0.0625
1 0.0984375 0.2125 0.06484375 0.0734375
1 0.31796875 0.121875 0.04375 0.06640625
1 0.44140625 0.0890625 0.0515625 0.090625
1 0.4859375 0.1015625 0.0390625 0.090625
1 0.5515625 0.09453125 0.046875 0.06640625