1 0.6 0.61796875 0.27734375 0.39921875
1 0.6671875 0.378125 0.20546875 0.26875
1 0.87890625 0.2546875 0.13359375 0.153125
1 0.93359375 0.51484375 0.13203125 0.34140625
1 0.22578125 0.27578125 0.05078125 0.07421875
1 0.27578125 0.22890625 0.05078125 0.06171875
1 0.74140625 0.89453125 0.40703125 0.2109375
1 0.96796875 0.15078125 0.06328125 0.12265625
1 0.8984375 0.14375 0.0859375 0.12578125
1 0.83125 0.1546875 0.07109375 0.1046875
1 0.721875 0.12578125 0.07734375 0.0875
1 0.31875 0.203125 0.025 0.05703125
1 0.42734375 0.175 0.0203125 0.06640625
1 0.44609375 0.18515625 0.02734375 0.07890625
1 0.4734375 0.1671875 0.02578125 0.06328125
1 0.50078125 0.13515625 0.01640625 0.06171875
1 0.5265625 0.1640625 0.02265625 0.0796875
1 0.5625 0.19296875 0.03359375 0.1015625
1 0.61875 0.23046875 0.03828125 0.07578125
1 0.68359375 0.2140625 0.03515625 0.0890625