1 0.29921875 0.52734375 0.1 0.153125
1 0.46953125 0.5390625 0.13671875 0.1890625
1 0.696875 0.565625 0.15234375 0.134375
1 0.90625 0.37890625 0.1484375 0.121875
1 0.2921875 0.33671875 0.06640625 0.1234375
1 0.12109375 0.271875 0.1 0.09609375
1 0.36328125 0.26171875 0.046875 0.05859375
1 0.471875 0.284375 0.06484375 0.140625
1 0.36953125 0.19296875 0.02578125 0.04609375
1 0.359375 0.1296875 0.0203125 0.02890625
1 0.3875 0.08828125 0.028125 0.04609375
1 0.40546875 0.1546875 0.0203125 0.03359375
1 0.42109375 0.2 0.03046875 0.05703125