1 0.2578125 0.35859375 0.0828125 0.16796875
1 0.096875 0.21484375 0.0515625 0.078125
1 0.125 0.246875 0.0625 0.090625
1 0.19375 0.240625 0.07109375 0.09609375
1 0.278125 0.21796875 0.0578125 0.0875
1 0.35390625 0.290625 0.07578125 0.140625
1 0.384375 0.20234375 0.04140625 0.05703125
1 0.4703125 0.2 0.046875 0.065625
1 0.6640625 0.2765625 0.08125 0.1140625
1 0.7875 0.2421875 0.05625 0.0859375
1 0.95625 0.603125 0.08671875 0.203125
1 0.65078125 0.43203125 0.2015625 0.134375
1 0.6703125 0.61484375 0.13203125 0.16796875
1 0.809375 0.70234375 0.21328125 0.246875
1 0.5375 0.109375 0.0390625 0.05859375
1 0.4375 0.0953125 0.05390625 0.0859375
1 0.315625 0.121875 0.04375 0.0625
1 0.68125 0.08046875 0.0484375 0.0859375
1 0.65625 0.146875 0.046875 0.06640625