1 0.290625 0.4875 0.07890625 0.1484375
1 0.11875 0.2734375 0.10703125 0.09453125
1 0.9046875 0.38046875 0.14375 0.1234375
1 0.746875 0.621875 0.15703125 0.18203125
1 0.4515625 0.51640625 0.10703125 0.190625
1 0.5640625 0.421875 0.0921875 0.11796875
1 0.478125 0.2921875 0.07421875 0.1359375
1 0.4328125 0.24921875 0.03203125 0.05859375
1 0.4234375 0.19921875 0.025 0.03359375
1 0.396875 0.146875 0.0203125 0.04140625
1 0.384375 0.0921875 0.0234375 0.05
1 0.3640625 0.25546875 0.0421875 0.05390625
1 0.290625 0.32265625 0.0609375 0.11796875
1 0.36953125 0.18984375 0.028125 0.0484375
1 0.35859375 0.121875 0.01875 0.02890625