1 0.0359375 0.5859375 0.07109375 0.128125
1 0.8484375 0.47734375 0.14765625 0.1609375
1 0.8296875 0.68125 0.2109375 0.2515625
1 0.7015625 0.584375 0.13828125 0.15703125
1 0.92890625 0.34140625 0.1234375 0.159375
1 0.803125 0.23671875 0.04921875 0.075
1 0.70625 0.159375 0.03515625 0.05390625
1 0.6390625 0.14609375 0.03046875 0.0609375
1 0.665625 0.103125 0.0421875 0.08359375
1 0.60859375 0.096875 0.028125 0.04453125
1 0.5328125 0.14140625 0.03203125 0.05703125
1 0.4125 0.3765625 0.08046875 0.1359375
1 0.31171875 0.50234375 0.11328125 0.178125
1 0.315625 0.21484375 0.0609375 0.09453125
1 0.171875 0.2359375 0.0609375 0.08203125
1 0.409375 0.2328125 0.05390625 0.09140625
1 0.48125 0.2125 0.0640625 0.0734375
1 0.4828125 0.13828125 0.04453125 0.05
1 0.47890625 0.096875 0.05390625 0.078125
1 0.25546875 0.18671875 0.04609375 0.06640625