1 0.06171875 0.17109375 0.0328125 0.0359375
1 0.61484375 0.14453125 0.04375 0.0578125
1 0.8890625 0.6828125 0.0578125 0.071875
1 0.97421875 0.76796875 0.0515625 0.0984375
1 0.26328125 0.4875 0.04375 0.0890625
1 0.44921875 0.45078125 0.0609375 0.0671875
0 0.35234375 0.40859375 0.0921875 0.0609375
1 0.43984375 0.30234375 0.0828125 0.0828125
1 0.765625 0.2359375 0.090625 0.05625
1 0.27265625 0.15390625 0.0453125 0.053125
1 0.22421875 0.11875 0.034375 0.0453125
1 0.196875 0.146875 0.034375 0.0484375
1 0.16953125 0.19921875 0.040625 0.040625
1 0.3515625 0.31171875 0.0421875 0.0578125
1 0.3390625 0.26953125 0.0359375 0.0484375
1 0.25234375 0.27890625 0.0421875 0.059375
1 0.2171875 0.24140625 0.034375 0.05
1 0.19296875 0.2171875 0.0296875 0.0421875