1 0.3078125 0.30390625 0.0765625 0.11796875
1 0.1421875 0.240625 0.05546875 0.075
1 0.1109375 0.20625 0.034375 0.08203125
1 0.2265625 0.18984375 0.046875 0.08203125
1 0.290625 0.20625 0.06640625 0.10703125
1 0.41484375 0.24453125 0.0671875 0.0984375
1 0.3328125 0.12265625 0.03671875 0.04453125
1 0.4890625 0.4171875 0.1765625 0.134375
1 0.70078125 0.33203125 0.08984375 0.140625
1 0.7921875 0.2359375 0.04921875 0.0734375
1 0.68671875 0.15625 0.0515625 0.05703125
1 0.496875 0.178125 0.0421875 0.05
1 0.540625 0.9015625 0.25859375 0.19296875
1 0.0203125 0.60078125 0.03984375 0.115625
1 0.684375 0.5953125 0.14140625 0.1640625
1 0.809375 0.6828125 0.2265625 0.25859375
1 0.45625 0.08671875 0.05078125 0.090625
1 0.56796875 0.1046875 0.03203125 0.05
1 0.634375 0.115625 0.0328125 0.05859375
1 0.6734375 0.08828125 0.04375 0.075