1 0.353125 0.5734375 0.1671875 0.1609375
1 0.56640625 0.659375 0.1625 0.24140625
1 0.5859375 0.4328125 0.10234375 0.10703125
1 0.90625 0.384375 0.15 0.128125
1 0.8140625 0.70546875 0.1734375 0.203125
1 0.3 0.37109375 0.0765625 0.15546875
1 0.5046875 0.33203125 0.0578125 0.0984375
1 0.459375 0.253125 0.05078125 0.10703125
1 0.365625 0.290625 0.04921875 0.078125
1 0.37421875 0.2328125 0.03515625 0.05859375
1 0.36953125 0.159375 0.02109375 0.03359375
1 0.359375 0.10078125 0.0203125 0.02890625
1 0.3796875 0.0796875 0.0234375 0.04609375
1 0.4140625 0.18671875 0.02265625 0.0375
1 0.39921875 0.1421875 0.025 0.03359375
1 0.4296875 0.22421875 0.02734375 0.05390625