1 0.7421875 0.35859375 0.0828125 0.16796875
1 0.903125 0.21484375 0.0515625 0.078125
1 0.875 0.246875 0.0625 0.090625
1 0.80625 0.240625 0.07109375 0.09609375
1 0.721875 0.21796875 0.0578125 0.0875
1 0.64609375 0.290625 0.07578125 0.140625
1 0.615625 0.20234375 0.04140625 0.05703125
1 0.5296875 0.2 0.046875 0.065625
1 0.3359375 0.2765625 0.08125 0.1140625
1 0.2125 0.2421875 0.05625 0.0859375
1 0.04375 0.603125 0.08671875 0.203125
1 0.34921875 0.43203125 0.2015625 0.134375
1 0.3296875 0.61484375 0.13203125 0.16796875
1 0.190625 0.70234375 0.21328125 0.246875
1 0.4625 0.109375 0.0390625 0.05859375
1 0.5625 0.0953125 0.05390625 0.0859375
1 0.684375 0.121875 0.04375 0.0625
1 0.31875 0.08046875 0.0484375 0.0859375
1 0.34375 0.146875 0.046875 0.06640625