0 0.565625 0.56015625 0.11796875 0.26171875
1 0.23125 0.221875 0.04140625 0.11953125
1 0.7640625 0.47578125 0.0453125 0.21015625
1 0.775 0.7296875 0.059375 0.2875
1 0.88203125 0.4921875 0.04296875 0.203125
1 0.646875 0.28984375 0.0390625 0.1546875
1 0.71015625 0.28671875 0.034375 0.13984375
1 0.5484375 0.1765625 0.0359375 0.1109375
1 0.653125 0.5078125 0.09453125 0.2625
1 0.559375 0.32578125 0.0921875 0.17578125
1 0.8921875 0.34375 0.0984375 0.22734375
1 0.065625 0.22265625 0.10546875 0.12734375
1 0.415625 0.13046875 0.028125 0.1