1 0.2140625 0.62734375 0.1203125 0.209375
1 0.203125 0.325 0.0640625 0.10859375
1 0.0921875 0.20390625 0.04921875 0.0859375
1 0.125 0.24453125 0.07890625 0.08203125
1 0.275 0.2140625 0.05859375 0.07109375
1 0.225 0.253125 0.1046875 0.08203125
1 0.315625 0.1234375 0.03984375 0.05390625
1 0.4265625 0.2265625 0.06015625 0.08359375
1 0.4671875 0.2078125 0.04921875 0.06640625
1 0.50390625 0.19375 0.04921875 0.065625
1 0.6 0.33203125 0.15703125 0.10703125
1 0.7859375 0.240625 0.053125 0.0859375
1 0.66953125 0.6078125 0.11875 0.1765625
1 0.809375 0.7078125 0.2203125 0.25390625
1 0.63359375 0.096875 0.03515625 0.0625
1 0.534375 0.1171875 0.04453125 0.06640625
1 0.58671875 0.096875 0.03203125 0.05703125
1 0.6890625 0.103125 0.0296875 0.0609375
1 0.4421875 0.0796875 0.05390625 0.075