1 0.35234375 0.54921875 0.1 0.14375
1 0.12421875 0.36796875 0.065625 0.0890625
1 0.35546875 0.21015625 0.08125 0.05
1 0.1234375 0.23984375 0.071875 0.05
1 0.65 0.1953125 0.096875 0.046875
1 0.82734375 0.24140625 0.078125 0.059375
1 0.90546875 0.2015625 0.071875 0.0515625
1 0.6828125 0.6734375 0.1921875 0.1421875
1 0.67734375 0.56484375 0.1671875 0.103125
1 0.6640625 0.50078125 0.1734375 0.078125
1 0.6515625 0.44140625 0.153125 0.0703125
1 0.63984375 0.3953125 0.1375 0.059375
1 0.6703125 0.3546875 0.1328125 0.075
1 0.73515625 0.3421875 0.0921875 0.0828125
1 0.7671875 0.3171875 0.0890625 0.0796875