1 0.0671875 0.23203125 0.1109375 0.1328125
1 0.5609375 0.36640625 0.10078125 0.1828125
1 0.8890625 0.34140625 0.10546875 0.21796875
1 0.6875 0.5734375 0.1109375 0.30078125
1 0.7796875 0.53828125 0.05859375 0.225
1 0.8078125 0.86484375 0.08671875 0.2640625
1 0.9046875 0.54140625 0.0453125 0.23828125
1 0.6703125 0.33515625 0.03828125 0.1546875
1 0.728125 0.32421875 0.04140625 0.1421875
1 0.5515625 0.20859375 0.025 0.1203125
1 0.24375 0.19609375 0.03828125 0.1140625
1 0.671875 0.21640625 0.0265625 0.10859375
0 0.5921875 0.6578125 0.19140625 0.2765625
1 0.425 0.109375 0.02734375 0.08671875