1 0.06953125 0.22734375 0.09296875 0.109375
1 0.56875 0.44296875 0.1015625 0.2265625
1 0.775 0.66015625 0.16875 0.34140625
1 0.89375 0.3515625 0.09140625 0.2015625
1 0.68203125 0.28984375 0.04453125 0.15703125
1 0.6953125 0.41015625 0.04765625 0.1828125
1 0.7515625 0.3953125 0.04140625 0.1734375
1 0.55859375 0.2828125 0.0390625 0.11953125
1 0.2671875 0.15234375 0.0234375 0.11484375
1 0.43515625 0.0828125 0.01796875 0.0515625
1 0.60625 0.17109375 0.02734375 0.1140625
1 0.6578125 0.190625 0.0359375 0.1046875
0 0.5890625 0.7734375 0.246875 0.27265625
1 0.9546875 0.640625 0.06328125 0.2578125