1 0.34296875 0.4359375 0.13125 0.1796875
1 0.80859375 0.50078125 0.2484375 0.28984375
1 0.6484375 0.28515625 0.12109375 0.1609375
1 0.75859375 0.203125 0.09609375 0.11796875
1 0.49765625 0.2859375 0.10625 0.14765625
0 0.37890625 0.32734375 0.11484375 0.15625
1 0.2140625 0.2453125 0.03671875 0.059375
1 0.58828125 0.18828125 0.02890625 0.103125
1 0.54375 0.19609375 0.02734375 0.08984375
1 0.2640625 0.2203125 0.03359375 0.06171875
1 0.9625 0.159375 0.07265625 0.14140625
1 0.896875 0.1546875 0.08515625 0.12109375
1 0.83125 0.1640625 0.06484375 0.0890625