1 0.3859375 0.20234375 0.0578125 0.065625
1 0.4765625 0.196875 0.0484375 0.06640625
1 0.3640625 0.27890625 0.06953125 0.11796875
1 0.27734375 0.2125 0.06640625 0.0859375
1 0.26484375 0.35390625 0.0859375 0.134375
1 0.12578125 0.24296875 0.0578125 0.07890625
1 0.09296875 0.20859375 0.04375 0.090625
1 0.62578125 0.434375 0.19921875 0.134375
1 0.665625 0.28125 0.07890625 0.1140625
1 0.78984375 0.246875 0.05078125 0.0859375
1 0.65625 0.146875 0.0515625 0.05
1 0.68671875 0.084375 0.0515625 0.06953125
1 0.5421875 0.1078125 0.0375 0.05703125
1 0.43828125 0.096875 0.05546875 0.090625
1 0.31875 0.12734375 0.0421875 0.0484375
1 0.190625 0.23828125 0.07109375 0.08203125
1 0.66875 0.6171875 0.109375 0.1859375
1 0.81875 0.70234375 0.19609375 0.2765625