0 0.5625 0.54375 0.0953125 0.27265625
1 0.7640625 0.70234375 0.06484375 0.2734375
1 0.87578125 0.47578125 0.05703125 0.19765625
1 0.7609375 0.465625 0.04921875 0.184375
1 0.64453125 0.2734375 0.0421875 0.14765625
1 0.2265625 0.23671875 0.03984375 0.11796875
1 0.41875 0.13984375 0.0265625 0.10703125
1 0.5484375 0.165625 0.03359375 0.10859375
1 0.7078125 0.2796875 0.03359375 0.134375
1 0.5578125 0.3109375 0.08828125 0.17890625
1 0.8953125 0.33828125 0.109375 0.21171875
1 0.0671875 0.22265625 0.09296875 0.11796875
1 0.64296875 0.484375 0.0890625 0.28203125