1 0.5421875 0.30234375 0.1328125 0.29140625
1 0.9203125 0.609375 0.159375 0.2546875
1 0.79609375 0.29453125 0.10390625 0.1640625
1 0.65625 0.3578125 0.06015625 0.14921875
1 0.4984375 0.9078125 0.23671875 0.184375
1 0.23515625 0.415625 0.08359375 0.14609375
1 0.21796875 0.23125 0.1109375 0.18046875
1 0.3703125 0.42421875 0.04921875 0.16640625
1 0.2734375 0.32578125 0.0328125 0.125
1 0.8484375 0.43046875 0.05703125 0.16796875
1 0.7484375 0.24375 0.07890625 0.1046875
1 0.9359375 0.77421875 0.0875 0.29296875