1 0.2875 0.4671875 0.08359375 0.121875
1 0.4390625 0.49140625 0.11171875 0.1734375
1 0.5703125 0.43046875 0.0875 0.11953125
1 0.771875 0.65859375 0.1578125 0.19296875
1 0.903125 0.384375 0.15 0.11953125
1 0.121875 0.2734375 0.10625 0.090625
1 0.2953125 0.3171875 0.0640625 0.10703125
1 0.48125 0.30078125 0.06875 0.14453125
1 0.434375 0.24921875 0.0296875 0.0625
1 0.3640625 0.253125 0.04453125 0.065625
1 0.371875 0.19296875 0.0296875 0.04140625
1 0.35859375 0.12109375 0.01875 0.0359375
1 0.38515625 0.09296875 0.025 0.0484375
1 0.4078125 0.165625 0.0234375 0.0375