0 0.20546875 0.44296875 0.2328125 0.14375
1 0.34296875 0.253125 0.071875 0.1046875
1 0.21015625 0.24609375 0.053125 0.084375
1 0.5375 0.2125 0.053125 0.05625
1 0.353125 0.14296875 0.046875 0.04375
1 0.47109375 0.1203125 0.0328125 0.046875
1 0.56015625 0.096875 0.04375 0.08125
1 0.51171875 0.0828125 0.059375 0.0640625
1 0.35859375 0.10234375 0.0375 0.04375
1 0.68046875 0.32421875 0.0734375 0.1125
1 0.63515625 0.22109375 0.0453125 0.0625
1 0.7265625 0.221875 0.0484375 0.075
1 0.72890625 0.16171875 0.0515625 0.11875
1 0.803125 0.25 0.084375 0.071875
1 0.87890625 0.25546875 0.0671875 0.059375
1 0.90625 0.215625 0.0421875 0.0625
1 0.8515625 0.21015625 0.059375 0.04375
1 0.79453125 0.196875 0.053125 0.0609375
1 0.74375 0.43203125 0.096875 0.184375
1 0.31796875 0.61640625 0.1375 0.165625
1 0.19375 0.70078125 0.2265625 0.2421875