1 0.065625 0.225 0.0953125 0.1140625
1 0.55 0.2625 0.078125 0.14609375
1 0.6125 0.425 0.084375 0.215625
1 0.8984375 0.3421875 0.10546875 0.225
1 0.740625 0.4109375 0.0484375 0.16015625
1 0.740625 0.5828125 0.06953125 0.265625
1 0.64296875 0.2375 0.034375 0.13671875
1 0.6953125 0.24140625 0.0375 0.13515625
1 0.85 0.43046875 0.0375 0.18125
1 0.5484375 0.134375 0.025 0.1046875
1 0.2078125 0.271875 0.0390625 0.12734375
1 0.40625 0.15859375 0.02421875 0.103125
1 0.0328125 0.3140625 0.04453125 0.18984375
1 0.5359375 0.471875 0.0515625 0.2359375