1 0.4578125 0.30234375 0.1328125 0.29140625
1 0.0796875 0.609375 0.159375 0.2546875
1 0.20390625 0.29453125 0.10390625 0.1640625
1 0.34375 0.3578125 0.06015625 0.14921875
1 0.5015625 0.9078125 0.23671875 0.184375
1 0.76484375 0.415625 0.08359375 0.14609375
1 0.78203125 0.23125 0.1109375 0.18046875
1 0.6296875 0.42421875 0.04921875 0.16640625
1 0.7265625 0.32578125 0.0328125 0.125
1 0.1515625 0.43046875 0.05703125 0.16796875
1 0.2515625 0.24375 0.07890625 0.1046875
1 0.0640625 0.77421875 0.0875 0.29296875