1 0.8734375 0.25078125 0.05859375 0.06953125
1 0.896875 0.20859375 0.0484375 0.090625
1 0.7234375 0.33203125 0.0734375 0.1359375
1 0.71875 0.21171875 0.06015625 0.0875
1 0.7859375 0.18359375 0.04375 0.065625
1 0.8109375 0.240625 0.071875 0.09609375
1 0.678125 0.12109375 0.03984375 0.053125
1 0.615625 0.26328125 0.06953125 0.090625
1 0.6015625 0.190625 0.05390625 0.05390625
1 0.51875 0.190625 0.0375 0.05859375
1 0.55625 0.090625 0.05625 0.1
1 0.5078125 0.078125 0.04375 0.0859375
1 0.446875 0.1046875 0.034375 0.05390625
1 0.3671875 0.1046875 0.0375 0.07109375
1 0.2125 0.246875 0.0609375 0.0875
1 0.325 0.3 0.0828125 0.10859375
1 0.4390625 0.434375 0.22890625 0.134375
1 0.3265625 0.6046875 0.125 0.16953125
1 0.1890625 0.6890625 0.21796875 0.24140625
1 0.334375 0.153125 0.05390625 0.0625
1 0.325 0.0890625 0.0375 0.0734375