1 0.87421875 0.271875 0.1 0.09609375
1 0.7046875 0.29375 0.06953125 0.0875
1 0.1359375 0.75546875 0.19609375 0.25390625
1 0.096875 0.378125 0.14609375 0.11953125
1 0.39375 0.475 0.10390625 0.128125
1 0.58046875 0.45390625 0.0953125 0.15703125
1 0.725 0.415625 0.06875 0.10703125
1 0.50078125 0.321875 0.0875 0.1609375
1 0.5578125 0.26171875 0.03984375 0.06640625
1 0.63359375 0.24296875 0.04140625 0.05390625
1 0.575 0.20625 0.0296875 0.0484375
1 0.5984375 0.1546875 0.028125 0.0375
1 0.61484375 0.0953125 0.03203125 0.05703125
1 0.63671875 0.1359375 0.02109375 0.03359375
1 0.6296875 0.18671875 0.03515625 0.05