1 0.3046875 0.47890625 0.10234375 0.15703125
1 0.040625 0.57421875 0.08046875 0.15546875
1 0.4109375 0.3640625 0.07890625 0.103125
1 0.421875 0.2296875 0.0578125 0.0984375
1 0.32265625 0.20546875 0.053125 0.08359375
1 0.2609375 0.19296875 0.04375 0.0625
1 0.1796875 0.23828125 0.06484375 0.065625
1 0.4796875 0.10078125 0.04453125 0.07890625
1 0.48125 0.20234375 0.0515625 0.08203125
1 0.540625 0.1375 0.03203125 0.0484375
1 0.6140625 0.0921875 0.02734375 0.04609375
1 0.6421875 0.15703125 0.03671875 0.05859375
1 0.709375 0.159375 0.04921875 0.0625
1 0.803125 0.2296875 0.05390625 0.08203125
1 0.70703125 0.584375 0.13359375 0.1890625
1 0.8421875 0.67109375 0.19140625 0.2390625
1 0.87421875 0.5015625 0.14140625 0.1765625
1 0.928125 0.34140625 0.14375 0.14296875
1 0.66640625 0.109375 0.0375 0.08359375
1 0.528125 0.0859375 0.05546875 0.06640625