1 0.090625 0.21484375 0.04453125 0.078125
1 0.12109375 0.25078125 0.07890625 0.06953125
1 0.22265625 0.37890625 0.07890625 0.1265625
1 0.2265625 0.2453125 0.0953125 0.08359375
1 0.296875 0.284375 0.07421875 0.0859375
1 0.31640625 0.12578125 0.0375 0.05
1 0.47734375 0.1890625 0.05546875 0.075
1 0.7875 0.246875 0.05859375 0.08359375
1 0.6765625 0.61328125 0.14765625 0.18203125
1 0.8078125 0.69609375 0.22890625 0.2390625
1 0.53515625 0.24921875 0.09296875 0.08359375
1 0.59375 0.33125 0.1546875 0.09140625
1 0.44609375 0.0890625 0.0609375 0.08203125
1 0.62109375 0.14140625 0.04140625 0.0734375
1 0.6625 0.096875 0.034375 0.053125
1 0.56640625 0.096875 0.046875 0.05390625