1 0.1171875 0.27421875 0.10390625 0.09140625
1 0.903125 0.38359375 0.1484375 0.11796875
1 0.7453125 0.603125 0.140625 0.178125
1 0.60703125 0.73203125 0.1921875 0.284375
1 0.3609375 0.571875 0.16484375 0.1609375
1 0.3109375 0.38671875 0.0765625 0.1609375
1 0.5546875 0.4015625 0.0875 0.10703125
1 0.496875 0.31484375 0.0578125 0.075
1 0.45546875 0.24453125 0.05390625 0.09453125
1 0.36953125 0.296875 0.04921875 0.078125
1 0.3765625 0.240625 0.04453125 0.05859375
1 0.3703125 0.16640625 0.0234375 0.028125
1 0.3609375 0.10703125 0.01875 0.03359375
1 0.3984375 0.15625 0.0234375 0.0359375
1 0.3609375 0.1359375 0.025 0.03359375
1 0.37890625 0.07421875 0.02578125 0.04453125