0 0.42421875 0.59609375 0.1421875 0.25234375
1 0.93125 0.225 0.10625 0.1109375
1 0.440625 0.3484375 0.09765625 0.19140625
1 0.340625 0.534375 0.10546875 0.2828125
1 0.1078125 0.34453125 0.109375 0.215625
1 0.209375 0.7984375 0.065625 0.31015625
1 0.2265625 0.51328125 0.05078125 0.21015625
1 0.10234375 0.5125 0.04375 0.2125
1 0.28125 0.30390625 0.03515625 0.140625
1 0.34296875 0.31328125 0.03359375 0.14921875
1 0.4515625 0.1953125 0.040625 0.121875
1 0.3328125 0.2109375 0.040625 0.1109375
1 0.76171875 0.20625 0.03984375 0.10859375
1 0.5765625 0.1109375 0.025 0.09375