1 0.3328125 0.3890625 0.04453125 0.15703125
1 0.7609375 0.55625 0.053125 0.225
1 0.9671875 0.65 0.06171875 0.27265625
1 0.284375 0.2171875 0.02265625 0.09609375
1 0.2671875 0.28828125 0.0328125 0.11796875
1 0.50546875 0.2828125 0.03671875 0.121875
1 0.503125 0.19765625 0.02421875 0.08515625
1 0.3359375 0.65546875 0.16640625 0.27265625
1 0.7125 0.46484375 0.1265625 0.22734375
1 0.7953125 0.29140625 0.10625 0.1546875
1 0.60859375 0.27734375 0.084375 0.11953125
1 0.55625 0.30234375 0.06953125 0.13984375
1 0.40703125 0.28828125 0.17421875 0.2359375
1 0.2140625 0.20703125 0.10234375 0.16015625
1 0.240625 0.375 0.08046875 0.13984375
1 0.2953125 0.178125 0.040625 0.0796875
1 0.3546875 0.11796875 0.03203125 0.0640625
1 0.6546875 0.20390625 0.075 0.09765625