1 0.93828125 0.88125 0.1234375 0.2375
1 0.903125 0.38515625 0.1484375 0.121875
1 0.1171875 0.271875 0.115625 0.090625
1 0.296875 0.35625 0.07421875 0.1390625
1 0.32578125 0.5515625 0.14375 0.159375
1 0.50625 0.5828125 0.1546875 0.20546875
1 0.64375 0.51015625 0.12265625 0.140625
1 0.5234375 0.36484375 0.07421875 0.10390625
1 0.465625 0.26953125 0.06640625 0.11953125
1 0.3640625 0.278125 0.04375 0.06953125
1 0.38359375 0.0890625 0.0234375 0.04453125
1 0.41640625 0.19140625 0.02578125 0.040625
1 0.3765625 0.2265625 0.034375 0.05390625
1 0.3671875 0.15078125 0.0203125 0.0375
1 0.4015625 0.15390625 0.028125 0.03203125