1 0.42421875 0.553125 0.17890625 0.28359375
1 0.421875 0.39375 0.15234375 0.19140625
1 0.5453125 0.31171875 0.13671875 0.17890625
1 0.740625 0.34296875 0.18046875 0.2375
1 0.7953125 0.21171875 0.10078125 0.11796875
1 0.9640625 0.15703125 0.071875 0.1390625
1 0.89140625 0.15390625 0.08125 0.128125
1 0.071875 0.390625 0.0609375 0.13828125
1 0.2171875 0.2609375 0.04375 0.07578125
1 0.61875 0.2015625 0.03046875 0.09296875
1 0.56640625 0.2078125 0.03046875 0.084375
1 0.5203125 0.17734375 0.025 0.0890625