1 0.684375 0.615625 0.1421875 0.16953125
1 0.8046875 0.703125 0.2234375 0.25390625
1 0.59453125 0.334375 0.15859375 0.1015625
1 0.5546875 0.2515625 0.09609375 0.10859375
1 0.621875 0.15546875 0.040625 0.059375
1 0.78984375 0.24609375 0.04375 0.08359375
1 0.478125 0.190625 0.03984375 0.065625
1 0.30703125 0.284375 0.065625 0.08203125
1 0.22890625 0.36796875 0.06796875 0.10546875
1 0.2265625 0.25625 0.09296875 0.08046875
1 0.2734375 0.21875 0.04765625 0.078125
1 0.26875 0.165625 0.0578125 0.121875
1 0.315625 0.1296875 0.03671875 0.053125
1 0.44296875 0.10078125 0.04609375 0.0734375
1 0.48984375 0.084375 0.04765625 0.0640625
1 0.503125 0.11640625 0.0296875 0.0390625
1 0.565625 0.090625 0.03515625 0.06796875
1 0.6609375 0.109375 0.0296875 0.05
1 0.6234375 0.096875 0.0203125 0.0390625
1 0.12578125 0.25546875 0.06015625 0.065625
1 0.1 0.215625 0.05390625 0.090625
1 0.15390625 0.21796875 0.03828125 0.07890625
1 0.2046875 0.190625 0.04921875 0.053125