1 0.315625 0.615625 0.1421875 0.16953125
1 0.1953125 0.703125 0.2234375 0.25390625
1 0.40546875 0.334375 0.15859375 0.1015625
1 0.4453125 0.2515625 0.09609375 0.10859375
1 0.378125 0.15546875 0.040625 0.059375
1 0.21015625 0.24609375 0.04375 0.08359375
1 0.521875 0.190625 0.03984375 0.065625
1 0.69296875 0.284375 0.065625 0.08203125
1 0.77109375 0.36796875 0.06796875 0.10546875
1 0.7734375 0.25625 0.09296875 0.08046875
1 0.7265625 0.21875 0.04765625 0.078125
1 0.73125 0.165625 0.0578125 0.121875
1 0.684375 0.1296875 0.03671875 0.053125
1 0.55703125 0.10078125 0.04609375 0.0734375
1 0.51015625 0.084375 0.04765625 0.0640625
1 0.496875 0.11640625 0.0296875 0.0390625
1 0.434375 0.090625 0.03515625 0.06796875
1 0.3390625 0.109375 0.0296875 0.05
1 0.3765625 0.096875 0.0203125 0.0390625
1 0.87421875 0.25546875 0.06015625 0.065625
1 0.9 0.215625 0.05390625 0.090625
1 0.84609375 0.21796875 0.03828125 0.07890625
1 0.7953125 0.190625 0.04921875 0.053125