1 0.9296875 0.22734375 0.09921875 0.12734375
1 0.2953125 0.6046875 0.115625 0.31953125
1 0.10390625 0.353125 0.09609375 0.20703125
1 0.4375 0.39453125 0.10859375 0.20625
1 0.746875 0.1875 0.02890625 0.11484375
1 0.57109375 0.09453125 0.025 0.09921875
1 0.446875 0.22734375 0.0296875 0.12734375
1 0.328125 0.3546875 0.04609375 0.16640625
1 0.271875 0.3421875 0.03828125 0.14921875
1 0.20390625 0.56875 0.05390625 0.2375
1 0.08125 0.5609375 0.0390625 0.23203125
1 0.1734375 0.8953125 0.0921875 0.20859375
1 0.325 0.2265625 0.0375 0.09765625
0 0.4125 0.72265625 0.19296875 0.23203125