1 0.1203125 0.2875 0.109375 0.1
1 0.9140625 0.84140625 0.171875 0.24140625
1 0.6390625 0.51171875 0.1265625 0.1390625
1 0.90625 0.3765625 0.14140625 0.11953125
1 0.41015625 0.434375 0.08828125 0.14296875
1 0.2703125 0.375 0.0609375 0.1
1 0.3 0.2859375 0.05859375 0.08203125
1 0.509375 0.334375 0.08984375 0.1609375
1 0.4453125 0.278125 0.03984375 0.06953125
1 0.43125 0.2078125 0.034375 0.05859375
1 0.403125 0.1609375 0.0234375 0.03359375
1 0.3609375 0.11484375 0.02265625 0.028125
1 0.36328125 0.165625 0.028125 0.03359375
1 0.36640625 0.2390625 0.03671875 0.0625
1 0.3828125 0.20625 0.0328125 0.0484375