0 0.57578125 0.59609375 0.1421875 0.25234375
1 0.06875 0.225 0.10625 0.1109375
1 0.559375 0.3484375 0.09765625 0.19140625
1 0.659375 0.534375 0.10546875 0.2828125
1 0.8921875 0.34453125 0.109375 0.215625
1 0.790625 0.7984375 0.065625 0.31015625
1 0.7734375 0.51328125 0.05078125 0.21015625
1 0.89765625 0.5125 0.04375 0.2125
1 0.71875 0.30390625 0.03515625 0.140625
1 0.65703125 0.31328125 0.03359375 0.14921875
1 0.5484375 0.1953125 0.040625 0.121875
1 0.6671875 0.2109375 0.040625 0.1109375
1 0.23828125 0.20625 0.03984375 0.10859375
1 0.4234375 0.1109375 0.025 0.09375