1 0.909375 0.21484375 0.04453125 0.078125
1 0.87890625 0.25078125 0.07890625 0.06953125
1 0.77734375 0.37890625 0.07890625 0.1265625
1 0.7734375 0.2453125 0.0953125 0.08359375
1 0.703125 0.284375 0.07421875 0.0859375
1 0.68359375 0.12578125 0.0375 0.05
1 0.52265625 0.1890625 0.05546875 0.075
1 0.2125 0.246875 0.05859375 0.08359375
1 0.3234375 0.61328125 0.14765625 0.18203125
1 0.1921875 0.69609375 0.22890625 0.2390625
1 0.46484375 0.24921875 0.09296875 0.08359375
1 0.40625 0.33125 0.1546875 0.09140625
1 0.55390625 0.0890625 0.0609375 0.08203125
1 0.37890625 0.14140625 0.04140625 0.0734375
1 0.3375 0.096875 0.034375 0.053125
1 0.43359375 0.096875 0.046875 0.05390625