1 0.90625 0.21640625 0.05390625 0.0734375
1 0.875 0.246875 0.0625 0.075
1 0.7765625 0.24453125 0.0828125 0.08203125
1 0.7203125 0.29609375 0.06484375 0.1
1 0.603125 0.24921875 0.06640625 0.07890625
1 0.6859375 0.11953125 0.04140625 0.05859375
1 0.49921875 0.16484375 0.04140625 0.06953125
1 0.55625 0.090625 0.0671875 0.090625
1 0.40078125 0.090625 0.0375 0.0734375
1 0.3671875 0.1875 0.05078125 0.08203125
1 0.41953125 0.3296875 0.1578125 0.1109375
1 0.2671875 0.29765625 0.0921875 0.10390625
1 0.20859375 0.23828125 0.05625 0.08203125
1 0.346875 0.1125 0.04140625 0.053125
1 0.3328125 0.6078125 0.11640625 0.18046875
1 0.19296875 0.69921875 0.2265625 0.2625
1 0.57421875 0.5921875 0.1765625 0.1984375
1 0.55625 0.84375 0.2078125 0.30390625