1 0.1171875 0.2734375 0.115625 0.0859375
1 0.290625 0.30625 0.06015625 0.10390625
1 0.284375 0.45078125 0.0671875 0.121875
1 0.43203125 0.48125 0.1015625 0.153125
1 0.5828125 0.4421875 0.09765625 0.1265625
1 0.796875 0.68125 0.178125 0.196875
1 0.9078125 0.3875 0.14609375 0.121875
1 0.48671875 0.30078125 0.08125 0.13203125
1 0.44140625 0.2546875 0.0375 0.065625
1 0.4203125 0.21015625 0.02734375 0.053125
1 0.3984375 0.14453125 0.0234375 0.03359375
1 0.365625 0.1359375 0.01796875 0.03359375
1 0.36953125 0.19140625 0.028125 0.04453125
1 0.365625 0.253125 0.04375 0.06953125