1 0.1203125 0.271875 0.10859375 0.09609375
1 0.903125 0.37890625 0.15703125 0.11796875
1 0.8875 0.78203125 0.2078125 0.234375
1 0.609375 0.46875 0.10625 0.128125
1 0.5359375 0.61875 0.1625 0.2265625
1 0.34375 0.5671875 0.16171875 0.1609375
1 0.3 0.36796875 0.0765625 0.140625
1 0.5140625 0.34921875 0.06640625 0.09453125
1 0.46328125 0.26171875 0.06015625 0.11796875
1 0.365625 0.28515625 0.04921875 0.07109375
1 0.375 0.23203125 0.0375 0.05703125
1 0.38125 0.084375 0.0234375 0.04609375
1 0.365625 0.15703125 0.0234375 0.0375
1 0.415625 0.18984375 0.028125 0.04453125
1 0.3984375 0.14375 0.0234375 0.0359375
1 0.35859375 0.0984375 0.01875 0.02890625