1 0.709375 0.4875 0.07890625 0.1484375
1 0.88125 0.2734375 0.10703125 0.09453125
1 0.0953125 0.38046875 0.14375 0.1234375
1 0.253125 0.621875 0.15703125 0.18203125
1 0.5484375 0.51640625 0.10703125 0.190625
1 0.4359375 0.421875 0.0921875 0.11796875
1 0.521875 0.2921875 0.07421875 0.1359375
1 0.5671875 0.24921875 0.03203125 0.05859375
1 0.5765625 0.19921875 0.025 0.03359375
1 0.603125 0.146875 0.0203125 0.04140625
1 0.615625 0.0921875 0.0234375 0.05
1 0.6359375 0.25546875 0.0421875 0.05390625
1 0.709375 0.32265625 0.0609375 0.11796875
1 0.63046875 0.18984375 0.028125 0.0484375
1 0.64140625 0.121875 0.01875 0.02890625