1 0.4125 0.746875 0.203125 0.26796875
1 0.02421875 0.5953125 0.0484375 0.134375
1 0.2953125 0.21171875 0.0515625 0.08359375
1 0.23125 0.18359375 0.053125 0.09453125
1 0.15625 0.2421875 0.0640625 0.08203125
1 0.7265625 0.3640625 0.1 0.1484375
1 0.7984375 0.240625 0.05390625 0.08359375
1 0.6921875 0.15703125 0.04453125 0.05859375
1 0.68671875 0.5890625 0.1109375 0.184375
1 0.8203125 0.6703125 0.19921875 0.24140625
1 0.43671875 0.40078125 0.1296875 0.1265625
1 0.3375 0.28203125 0.0734375 0.10703125
1 0.4375 0.221875 0.06484375 0.08359375
1 0.33984375 0.121875 0.03984375 0.04609375
1 0.51015625 0.16796875 0.03671875 0.07109375
1 0.46015625 0.09453125 0.0515625 0.08359375
1 0.578125 0.096875 0.03046875 0.05390625
1 0.6734375 0.0921875 0.05390625 0.075