1 0.909375 0.21171875 0.05546875 0.08359375
1 0.878125 0.253125 0.06484375 0.0859375
1 0.7828125 0.4109375 0.08515625 0.134375
1 0.7203125 0.28828125 0.07890625 0.0984375
1 0.78046875 0.24296875 0.0875 0.07890625
1 0.7203125 0.21171875 0.05859375 0.08359375
1 0.68203125 0.13203125 0.04375 0.05859375
1 0.559375 0.0984375 0.053125 0.0875
1 0.2140625 0.2421875 0.0609375 0.0734375
1 0.31953125 0.6125 0.134375 0.159375
1 0.1921875 0.68515625 0.22890625 0.24296875
1 0.4078125 0.33359375 0.1625 0.0875
1 0.49453125 0.240625 0.090625 0.08359375
1 0.528125 0.2015625 0.04453125 0.07109375
1 0.37890625 0.13515625 0.0390625 0.05703125
1 0.33046875 0.103125 0.0390625 0.05703125
1 0.4421875 0.090625 0.04375 0.078125
1 0.50625 0.11640625 0.04140625 0.0484375