0 0.4171875 0.44140625 0.140625 0.16015625
1 0.2328125 0.4265625 0.0953125 0.1546875
1 0.2171875 0.2390625 0.11171875 0.1953125
1 0.51015625 0.30703125 0.3125 0.29296875
1 0.7984375 0.29296875 0.0984375 0.15078125
1 0.71015625 0.37265625 0.09921875 0.18671875
1 0.76328125 0.23671875 0.096875 0.10703125
1 0.321875 0.21171875 0.0453125 0.084375
1 0.31875 0.13125 0.0359375 0.0625
1 0.37265625 0.14140625 0.0421875 0.07421875
1 0.896875 0.45703125 0.0625 0.2015625
1 0.29609375 0.246875 0.0359375 0.09921875
1 0.275 0.3328125 0.02890625 0.1328125
1 0.39609375 0.21171875 0.05390625 0.07890625
1 0.3625 0.26328125 0.053125 0.11796875