1 0.2265625 0.128125 0.034375 0.05
1 0.4546875 0.459375 0.05546875 0.07890625
1 0.5078125 0.36640625 0.07890625 0.1
1 0.61640625 0.15078125 0.04375 0.0625
1 0.89375 0.6890625 0.0484375 0.0859375
1 0.975 0.765625 0.04921875 0.0875
1 0.0234375 0.46953125 0.04609375 0.05390625
0 0.27578125 0.3875 0.0671875 0.07890625
1 0.37421875 0.4046875 0.04921875 0.05390625
1 0.27578125 0.14765625 0.04375 0.0484375
1 0.25390625 0.1875 0.0328125 0.0484375
1 0.1703125 0.19921875 0.0296875 0.05
1 0.0640625 0.1765625 0.028125 0.04609375
1 0.3890625 0.3125 0.0421875 0.05859375
1 0.3265625 0.296875 0.04453125 0.05703125
1 0.253125 0.271875 0.0375 0.05390625
1 0.2140625 0.2453125 0.03671875 0.05
1 0.74375 0.24453125 0.090625 0.0609375