1 0.02734375 0.59921875 0.0546875 0.1265625
1 0.3609375 0.6546875 0.1546875 0.20703125
1 0.6953125 0.596875 0.11875 0.16796875
1 0.8203125 0.675 0.20546875 0.2390625
1 0.7546875 0.3984375 0.1046875 0.1390625
1 0.8 0.2328125 0.0515625 0.07109375
1 0.6984375 0.159375 0.046875 0.05859375
1 0.6375 0.1359375 0.0375 0.05390625
1 0.6671875 0.090625 0.04140625 0.08359375
1 0.5890625 0.0984375 0.03046875 0.05
1 0.46484375 0.08828125 0.05625 0.0875
1 0.51484375 0.0859375 0.05078125 0.06640625
1 0.5171875 0.1609375 0.03984375 0.05390625
1 0.4578125 0.16015625 0.05625 0.0484375
1 0.45 0.221875 0.06640625 0.0875
1 0.421875 0.3953125 0.10859375 0.115625
1 0.3625 0.26171875 0.06484375 0.1
1 0.30390625 0.20859375 0.06015625 0.09453125
1 0.2421875 0.18984375 0.05078125 0.0734375
1 0.1625 0.2359375 0.0609375 0.06953125