1 0.03125 0.596875 0.0625 0.146875
1 0.3390625 0.603125 0.134375 0.196875
1 0.415625 0.38515625 0.08828125 0.11796875
1 0.3765625 0.253125 0.0578125 0.0875
1 0.3125 0.209375 0.05390625 0.09609375
1 0.2453125 0.1890625 0.046875 0.075
1 0.16640625 0.240625 0.06875 0.08359375
1 0.4578125 0.21015625 0.06015625 0.08203125
1 0.7984375 0.23671875 0.053125 0.0875
1 0.7015625 0.15703125 0.04140625 0.05859375
1 0.6375 0.13515625 0.0328125 0.053125
1 0.52421875 0.15625 0.04140625 0.05703125
1 0.4640625 0.15859375 0.04609375 0.0484375
1 0.46875 0.09453125 0.0640625 0.08359375
1 0.59375 0.0984375 0.0296875 0.04609375
1 0.665625 0.09296875 0.046875 0.0859375
1 0.69765625 0.1046875 0.02734375 0.0375
1 0.7734375 0.4234375 0.1203125 0.1640625
1 0.825 0.671875 0.20625 0.25
1 0.6859375 0.58671875 0.08984375 0.1765625