1 0.6953125 0.47890625 0.10234375 0.15703125
1 0.959375 0.57421875 0.08046875 0.15546875
1 0.5890625 0.3640625 0.07890625 0.103125
1 0.578125 0.2296875 0.0578125 0.0984375
1 0.67734375 0.20546875 0.053125 0.08359375
1 0.7390625 0.19296875 0.04375 0.0625
1 0.8203125 0.23828125 0.06484375 0.065625
1 0.5203125 0.10078125 0.04453125 0.07890625
1 0.51875 0.20234375 0.0515625 0.08203125
1 0.459375 0.1375 0.03203125 0.0484375
1 0.3859375 0.0921875 0.02734375 0.04609375
1 0.3578125 0.15703125 0.03671875 0.05859375
1 0.290625 0.159375 0.04921875 0.0625
1 0.196875 0.2296875 0.05390625 0.08203125
1 0.29296875 0.584375 0.13359375 0.1890625
1 0.1578125 0.67109375 0.19140625 0.2390625
1 0.12578125 0.5015625 0.14140625 0.1765625
1 0.071875 0.34140625 0.14375 0.14296875
1 0.33359375 0.109375 0.0375 0.08359375
1 0.471875 0.0859375 0.05546875 0.06640625