1 0.86171875 0.45859375 0.04921875 0.18984375
1 0.746875 0.43046875 0.04296875 0.17109375
1 0.74921875 0.6359375 0.05390625 0.246875
1 0.6421875 0.259375 0.03359375 0.1515625
1 0.7 0.25859375 0.034375 0.1421875
1 0.65625 0.16640625 0.02734375 0.09609375
1 0.54609375 0.1453125 0.01953125 0.1046875
1 0.59375 0.1125 0.02734375 0.103125
1 0.6453125 0.109375 0.02421875 0.084375
1 0.2171875 0.24921875 0.0421875 0.1328125
1 0.1484375 0.125 0.02890625 0.0609375
1 0.1984375 0.1046875 0.03046875 0.06484375
1 0.0234375 0.3359375 0.0375 0.153125
1 0.41015625 0.1453125 0.03828125 0.1046875
1 0.8921875 0.35234375 0.10625 0.1828125
1 0.553125 0.28515625 0.0875 0.15546875
1 0.0703125 0.2265625 0.09453125 0.11640625
1 0.9640625 0.24609375 0.07109375 0.1453125