1 0.29375 0.50625 0.08359375 0.13203125
1 0.46015625 0.5265625 0.12734375 0.1765625
1 0.71953125 0.60078125 0.14375 0.1734375
1 0.90546875 0.38671875 0.15 0.13203125
1 0.553125 0.403125 0.0765625 0.1
1 0.290625 0.32578125 0.06875 0.1109375
1 0.11953125 0.271875 0.10625 0.08359375
1 0.47421875 0.29140625 0.0734375 0.134375
1 0.3640625 0.2609375 0.04375 0.065625
1 0.3765625 0.2140625 0.03046875 0.04609375
1 0.3640625 0.14609375 0.0203125 0.03203125
1 0.42109375 0.20234375 0.02578125 0.04453125
1 0.396875 0.14375 0.01875 0.0359375
1 0.384375 0.090625 0.0328125 0.05390625