1 0.88359375 0.271875 0.1140625 0.0984375
1 0.6953125 0.37890625 0.06953125 0.1515625
1 0.63359375 0.28828125 0.04140625 0.0734375
1 0.096875 0.38359375 0.13671875 0.10859375
1 0.2046875 0.66796875 0.15546875 0.190625
1 0.4265625 0.67421875 0.18984375 0.2375
1 0.6390625 0.571875 0.15546875 0.153125
1 0.42421875 0.4203125 0.09453125 0.1109375
1 0.4953125 0.3234375 0.05625 0.078125
1 0.5421875 0.253125 0.05078125 0.103125
1 0.63125 0.1609375 0.01796875 0.025
1 0.6125 0.10546875 0.01640625 0.0359375
1 0.5984375 0.1609375 0.02265625 0.03359375
1 0.64140625 0.10078125 0.01875 0.03359375
1 0.6265625 0.234375 0.03671875 0.05703125