1 0.4765625 0.18984375 0.04609375 0.078125
1 0.515625 0.2421875 0.08359375 0.090625
1 0.59375 0.33515625 0.15703125 0.121875
1 0.7890625 0.2453125 0.05390625 0.08359375
1 0.6234375 0.13359375 0.0375 0.05703125
1 0.665625 0.103125 0.0375 0.053125
1 0.56171875 0.0859375 0.0421875 0.06640625
1 0.496875 0.1125 0.034375 0.053125
1 0.44375 0.090625 0.05625 0.09609375
1 0.315625 0.12109375 0.03515625 0.05703125
1 0.6734375 0.61875 0.1203125 0.19296875
1 0.809375 0.69921875 0.23125 0.24609375
1 0.221875 0.3921875 0.0828125 0.1265625
1 0.2171875 0.240625 0.08515625 0.0734375
1 0.28671875 0.29140625 0.0828125 0.09140625
1 0.2796875 0.21171875 0.0671875 0.06640625
1 0.09296875 0.2140625 0.06015625 0.07890625
1 0.12578125 0.25078125 0.07890625 0.0859375