1 0.69453125 0.446875 0.04609375 0.18984375
1 0.7125 0.34453125 0.03828125 0.16015625
1 0.1609375 0.34375 0.04921875 0.1546875
1 0.07890625 0.27265625 0.0375 0.140625
1 0.390625 0.2109375 0.028125 0.121875
1 0.6765625 0.19609375 0.03046875 0.11796875
1 0.6265625 0.1828125 0.03203125 0.12734375
1 0.8171875 0.36640625 0.03671875 0.16953125
1 0.59375 0.3140625 0.06953125 0.19375
1 0.54375 0.184375 0.07109375 0.13671875
1 0.5171875 0.31953125 0.03828125 0.16953125
1 0.89375 0.34296875 0.1125 0.2265625
1 0.0640625 0.21796875 0.103125 0.10703125