1 0.265625 0.41171875 0.23828125 0.27734375
1 0.22890625 0.7609375 0.3796875 0.45859375
1 0.071875 0.26953125 0.13984375 0.17734375
1 0.034375 0.1609375 0.06796875 0.115625
1 0.10703125 0.14140625 0.078125 0.11171875
1 0.76953125 0.29375 0.05078125 0.09140625
1 0.7203125 0.23984375 0.04453125 0.071875
1 0.45546875 0.4703125 0.13359375 0.1
1 0.41015625 0.20078125 0.03046875 0.1015625
1 0.27890625 0.23203125 0.03984375 0.07890625
1 0.34921875 0.23359375 0.0375 0.0796875
1 0.20390625 0.3171875 0.0609375 0.1203125