1 0.65703125 0.4359375 0.13125 0.1796875
1 0.19140625 0.50078125 0.2484375 0.28984375
1 0.3515625 0.28515625 0.12109375 0.1609375
1 0.24140625 0.203125 0.09609375 0.11796875
1 0.50234375 0.2859375 0.10625 0.14765625
0 0.62109375 0.32734375 0.11484375 0.15625
1 0.7859375 0.2453125 0.03671875 0.059375
1 0.41171875 0.18828125 0.02890625 0.103125
1 0.45625 0.19609375 0.02734375 0.08984375
1 0.7359375 0.2203125 0.03359375 0.06171875
1 0.0375 0.159375 0.07265625 0.14140625
1 0.103125 0.1546875 0.08515625 0.12109375
1 0.16875 0.1640625 0.06484375 0.0890625