1 0.70078125 0.4671875 0.04609375 0.20078125
1 0.82265625 0.38125 0.03984375 0.16953125
1 0.71875 0.353125 0.040625 0.14765625
1 0.6765625 0.2046875 0.0328125 0.11796875
1 0.628125 0.19609375 0.03671875 0.12890625
1 0.1703125 0.32890625 0.04921875 0.153125
1 0.3953125 0.19609375 0.03203125 0.10703125
1 0.06875 0.284375 0.0390625 0.15703125
1 0.546875 0.09296875 0.02421875 0.09609375
1 0.59296875 0.340625 0.06875 0.18828125
1 0.88984375 0.3453125 0.109375 0.23203125
1 0.0625 0.215625 0.1015625 0.1203125
1 0.54375 0.19296875 0.0640625 0.1234375
1 0.51640625 0.34765625 0.0390625 0.15859375