1 0.21953125 0.31953125 0.08828125 0.10703125
1 0.2171875 0.22578125 0.05390625 0.065625
1 0.39296875 0.33515625 0.16875 0.09609375
1 0.3640625 0.19609375 0.0484375 0.078125
1 0.35546875 0.11328125 0.03671875 0.0625
1 0.3921875 0.084375 0.0390625 0.0625
1 0.4953125 0.153125 0.0375 0.06640625
1 0.5796875 0.23671875 0.05625 0.075
1 0.634375 0.50546875 0.14375 0.16796875
1 0.6171875 0.71484375 0.17109375 0.3359375
1 0.3296875 0.6109375 0.109375 0.190625
1 0.19375 0.69921875 0.22734375 0.25
1 0.69375 0.2765625 0.06484375 0.0875
1 0.72734375 0.2015625 0.05390625 0.08359375
1 0.5578125 0.0953125 0.0484375 0.0859375
1 0.9046875 0.21640625 0.0578125 0.0859375
1 0.8765625 0.25078125 0.08125 0.08203125
1 0.784375 0.24296875 0.1015625 0.08359375
1 0.68359375 0.11953125 0.03515625 0.06640625
1 0.51171875 0.08671875 0.0515625 0.0859375