1 0.0703125 0.22734375 0.09921875 0.12734375
1 0.7046875 0.6046875 0.115625 0.31953125
1 0.89609375 0.353125 0.09609375 0.20703125
1 0.5625 0.39453125 0.10859375 0.20625
1 0.253125 0.1875 0.02890625 0.11484375
1 0.42890625 0.09453125 0.025 0.09921875
1 0.553125 0.22734375 0.0296875 0.12734375
1 0.671875 0.3546875 0.04609375 0.16640625
1 0.728125 0.3421875 0.03828125 0.14921875
1 0.79609375 0.56875 0.05390625 0.2375
1 0.91875 0.5609375 0.0390625 0.23203125
1 0.8265625 0.8953125 0.0921875 0.20859375
1 0.675 0.2265625 0.0375 0.09765625
0 0.5875 0.72265625 0.19296875 0.23203125