1 0.115625 0.2765625 0.109375 0.10390625
1 0.2703125 0.36796875 0.0625 0.0859375
1 0.903125 0.38671875 0.14765625 0.11953125
1 0.9265625 0.8828125 0.146875 0.234375
1 0.6609375 0.53046875 0.11796875 0.15546875
1 0.409375 0.421875 0.09453125 0.1359375
1 0.50859375 0.33359375 0.1015625 0.16796875
1 0.4453125 0.2734375 0.04609375 0.065625
1 0.42578125 0.2078125 0.0375 0.05390625
1 0.3625 0.234375 0.03671875 0.0484375
1 0.30703125 0.2796875 0.05625 0.090625
1 0.403125 0.1625 0.0203125 0.040625
1 0.359375 0.1125 0.0234375 0.03203125
1 0.3640625 0.1625 0.02734375 0.0359375