1 0.0421875 0.5796875 0.08359375 0.1484375
1 0.30390625 0.4265625 0.08125 0.153125
1 0.415625 0.35625 0.06640625 0.10859375
1 0.95078125 0.56171875 0.0984375 0.184375
1 0.8515625 0.68671875 0.19453125 0.27109375
1 0.7015625 0.58046875 0.14765625 0.16796875
1 0.33125 0.209375 0.05078125 0.0875
1 0.1921875 0.23203125 0.053125 0.065625
1 0.2671875 0.196875 0.0421875 0.07109375
1 0.44375 0.22109375 0.05859375 0.09453125
1 0.4984375 0.19375 0.05390625 0.06953125
1 0.646875 0.165625 0.034375 0.0625
1 0.90625 0.35390625 0.13125 0.171875
1 0.80546875 0.234375 0.04921875 0.078125
1 0.7125 0.159375 0.03515625 0.0625
1 0.66484375 0.1171875 0.04375 0.07890625
1 0.54921875 0.13359375 0.0296875 0.04453125
1 0.50625 0.12890625 0.03515625 0.0484375
1 0.6375 0.1109375 0.0375 0.03359375
1 0.4796875 0.0984375 0.0421875 0.08359375