1 0.57578125 0.553125 0.17890625 0.28359375
1 0.578125 0.39375 0.15234375 0.19140625
1 0.4546875 0.31171875 0.13671875 0.17890625
1 0.259375 0.34296875 0.18046875 0.2375
1 0.2046875 0.21171875 0.10078125 0.11796875
1 0.0359375 0.15703125 0.071875 0.1390625
1 0.10859375 0.15390625 0.08125 0.128125
1 0.928125 0.390625 0.0609375 0.13828125
1 0.7828125 0.2609375 0.04375 0.07578125
1 0.38125 0.2015625 0.03046875 0.09296875
1 0.43359375 0.2078125 0.03046875 0.084375
1 0.4796875 0.17734375 0.025 0.0890625