1 0.3 0.4078125 0.08359375 0.140625
1 0.046875 0.57578125 0.09375 0.1484375
1 0.85390625 0.68046875 0.2078125 0.25859375
1 0.71171875 0.58046875 0.16171875 0.16796875
1 0.80703125 0.23671875 0.046875 0.07890625
1 0.896875 0.36171875 0.12109375 0.1859375
1 0.71171875 0.15703125 0.03671875 0.05859375
1 0.6453125 0.165625 0.03515625 0.05859375
1 0.41484375 0.3515625 0.07421875 0.1109375
1 0.3328125 0.2078125 0.046875 0.08359375
1 0.26484375 0.18984375 0.04609375 0.05703125
1 0.19609375 0.2359375 0.0609375 0.065625
1 0.4546875 0.2140625 0.04921875 0.09609375
1 0.50390625 0.19296875 0.0515625 0.05390625
1 0.55078125 0.12890625 0.03046875 0.0484375
1 0.5109375 0.1234375 0.0296875 0.05
1 0.6625 0.115625 0.04609375 0.07890625
1 0.634375 0.11328125 0.034375 0.05
1 0.96953125 0.60234375 0.0609375 0.2140625
1 0.47890625 0.09921875 0.04453125 0.078125