1 0.253125 0.18984375 0.0421875 0.0609375
1 0.175 0.2390625 0.05546875 0.0875
1 0.3171875 0.53359375 0.11875 0.1859375
1 0.03359375 0.5859375 0.0671875 0.128125
1 0.69375 0.58671875 0.11875 0.18046875
1 0.834375 0.675 0.1921875 0.2390625
1 0.81796875 0.459375 0.11875 0.1640625
1 0.80078125 0.23671875 0.04453125 0.08359375
1 0.7046875 0.1546875 0.0390625 0.0625
1 0.4109375 0.378125 0.07890625 0.1109375
1 0.39921875 0.2453125 0.053125 0.0875
1 0.47265625 0.20859375 0.053125 0.0734375
1 0.3125 0.20546875 0.05625 0.0875
1 0.53046875 0.15 0.03203125 0.0609375
1 0.4765625 0.14375 0.03515625 0.053125
1 0.4734375 0.0984375 0.0421875 0.07109375
1 0.60625 0.09921875 0.03203125 0.05703125
1 0.6390625 0.146875 0.034375 0.07109375
1 0.6671875 0.10078125 0.05078125 0.09140625