1 0.5234375 0.18984375 0.04609375 0.078125
1 0.484375 0.2421875 0.08359375 0.090625
1 0.40625 0.33515625 0.15703125 0.121875
1 0.2109375 0.2453125 0.05390625 0.08359375
1 0.3765625 0.13359375 0.0375 0.05703125
1 0.334375 0.103125 0.0375 0.053125
1 0.43828125 0.0859375 0.0421875 0.06640625
1 0.503125 0.1125 0.034375 0.053125
1 0.55625 0.090625 0.05625 0.09609375
1 0.684375 0.12109375 0.03515625 0.05703125
1 0.3265625 0.61875 0.1203125 0.19296875
1 0.190625 0.69921875 0.23125 0.24609375
1 0.778125 0.3921875 0.0828125 0.1265625
1 0.7828125 0.240625 0.08515625 0.0734375
1 0.71328125 0.29140625 0.0828125 0.09140625
1 0.7203125 0.21171875 0.0671875 0.06640625
1 0.90703125 0.2140625 0.06015625 0.07890625
1 0.87421875 0.25078125 0.07890625 0.0859375