1 0.29609375 0.20625 0.05859375 0.09453125
1 0.453125 0.409375 0.14140625 0.134375
1 0.4515625 0.815625 0.21953125 0.2765625
1 0.6734375 0.58828125 0.10859375 0.190625
1 0.82265625 0.68359375 0.2109375 0.25546875
1 0.7171875 0.35 0.09296875 0.14296875
1 0.796875 0.240625 0.05390625 0.10390625
1 0.69296875 0.15625 0.0484375 0.05703125
1 0.6359375 0.1234375 0.034375 0.05859375
1 0.578125 0.1046875 0.0375 0.05859375
1 0.5078125 0.17421875 0.0375 0.05390625
1 0.4296875 0.23046875 0.06953125 0.0875
1 0.325 0.28359375 0.08359375 0.1265625
1 0.1515625 0.24296875 0.07578125 0.09140625
1 0.025 0.60703125 0.05 0.128125
1 0.4578125 0.09921875 0.05625 0.078125
1 0.22890625 0.19375 0.046875 0.0859375
1 0.12109375 0.2078125 0.04140625 0.09140625
1 0.3390625 0.12734375 0.034375 0.053125