0 0.2796875 0.4046875 0.0734375 0.1046875
1 0.89609375 0.68828125 0.0625 0.1015625
1 0.975 0.7625 0.05 0.1
1 0.49765625 0.36015625 0.0734375 0.1078125
1 0.4546875 0.45703125 0.0546875 0.0765625
1 0.3734375 0.403125 0.059375 0.05625
1 0.61328125 0.14921875 0.0453125 0.05625
1 0.2265625 0.125 0.0390625 0.05
1 0.16953125 0.2015625 0.0375 0.0453125
1 0.38359375 0.31015625 0.0390625 0.0578125
1 0.3265625 0.3 0.0515625 0.0515625
1 0.24765625 0.2734375 0.0390625 0.05625
1 0.21875 0.246875 0.05 0.040625
1 0.06640625 0.17734375 0.0328125 0.040625
1 0.74375 0.24609375 0.0859375 0.0734375