1 0.0953125 0.20390625 0.0515625 0.103125
1 0.1203125 0.246875 0.06875 0.078125
1 0.2453125 0.3375 0.071875 0.1
1 0.2265625 0.2390625 0.096875 0.08359375
1 0.2796875 0.20625 0.04609375 0.078125
1 0.3375 0.2671875 0.07578125 0.090625
1 0.315625 0.121875 0.03671875 0.05
1 0.490625 0.18359375 0.046875 0.06953125
1 0.79140625 0.24296875 0.05390625 0.07890625
1 0.6796875 0.6046875 0.13125 0.16953125
1 0.8171875 0.6828125 0.1875 0.22890625
1 0.65625 0.828125 0.2734375 0.259375
1 0.6265625 0.25703125 0.09296875 0.065625
1 0.5921875 0.33203125 0.1671875 0.1109375
1 0.625 0.16875 0.04453125 0.065625
1 0.5796875 0.084375 0.03984375 0.0734375
1 0.44140625 0.090625 0.046875 0.090625
1 0.5140625 0.10546875 0.03671875 0.040625
1 0.65546875 0.103125 0.0390625 0.05