1 0.27421875 0.4296875 0.08359375 0.11796875
1 0.42421875 0.4671875 0.09765625 0.1515625
1 0.59453125 0.46015625 0.096875 0.1359375
1 0.8296875 0.71875 0.17421875 0.2265625
1 0.90546875 0.38125 0.15703125 0.121875
1 0.1171875 0.271875 0.11171875 0.0875
1 0.2890625 0.30625 0.05859375 0.10390625
1 0.49140625 0.30703125 0.08359375 0.14453125
1 0.4421875 0.25703125 0.03671875 0.05703125
1 0.365625 0.2484375 0.0375 0.05703125
1 0.37109375 0.18984375 0.025 0.0359375
1 0.359375 0.12109375 0.0203125 0.0234375
1 0.3890625 0.09921875 0.02265625 0.0484375
1 0.4078125 0.16875 0.02734375 0.0359375
1 0.45 0.19765625 0.0390625 0.05703125
1 0.4234375 0.20546875 0.02734375 0.04609375