1 0.96171875 0.578125 0.0765625 0.15546875
1 0.69609375 0.45234375 0.09765625 0.140625
1 0.5875 0.36171875 0.07109375 0.10703125
1 0.56796875 0.228125 0.0515625 0.09609375
1 0.50859375 0.196875 0.0625 0.07109375
1 0.6734375 0.209375 0.05078125 0.08359375
1 0.81328125 0.23828125 0.0515625 0.08203125
1 0.078125 0.53125 0.15625 0.1859375
1 0.1484375 0.6703125 0.215625 0.24140625
1 0.30390625 0.58671875 0.10859375 0.171875
1 0.0734375 0.340625 0.1453125 0.1609375
1 0.1953125 0.23203125 0.05625 0.078125
1 0.2921875 0.15390625 0.03671875 0.053125
1 0.3578125 0.16015625 0.028125 0.0484375
1 0.45625 0.134375 0.03046875 0.05
1 0.50078125 0.13203125 0.03046875 0.04609375
1 0.3640625 0.10546875 0.0296875 0.04453125
1 0.3328125 0.1078125 0.0421875 0.078125
1 0.2828125 0.0953125 0.02734375 0.03203125
1 0.38203125 0.0984375 0.028125 0.04140625
1 0.5234375 0.10078125 0.046875 0.09609375