0 0.9140625 0.35703125 0.10234375 0.08828125
1 0.81015625 0.2578125 0.02109375 0.06484375
1 0.84140625 0.26796875 0.01875 0.06484375
1 0.871875 0.275 0.0171875 0.06484375
1 0.9015625 0.21171875 0.0125 0.0421875
1 0.85390625 0.20546875 0.01640625 0.040625
1 0.7 0.2578125 0.0265625 0.05546875
1 0.6 0.29296875 0.03203125 0.05859375
1 0.571875 0.29609375 0.02421875 0.0703125
1 0.78515625 0.5328125 0.03203125 0.14921875
1 0.6859375 0.32578125 0.08671875 0.103125
1 0.7734375 0.3953125 0.08359375 0.13046875
1 0.9390625 0.2171875 0.02734375 0.0390625
1 0.8171875 0.18046875 0.02265625 0.03671875
1 0.840625 0.18046875 0.02421875 0.0421875
1 0.640625 0.178125 0.06015625 0.0484375
1 0.690625 0.15859375 0.04296875 0.04375
1 0.0890625 0.253125 0.10078125 0.10703125
1 0.9265625 0.17734375 0.0265625 0.03671875