1 0.09296875 0.209375 0.05078125 0.07109375
1 0.121875 0.24453125 0.06484375 0.08203125
1 0.2390625 0.34375 0.07109375 0.10859375
1 0.2265625 0.240625 0.0953125 0.08203125
1 0.328125 0.27421875 0.0625 0.09140625
1 0.315625 0.1234375 0.03984375 0.05390625
1 0.4859375 0.1875 0.046875 0.065625
1 0.59375 0.32890625 0.15703125 0.1
1 0.603125 0.24453125 0.1 0.06953125
1 0.628125 0.15703125 0.04453125 0.0625
1 0.790625 0.240625 0.05859375 0.0859375
1 0.71875 0.865625 0.28984375 0.23046875
1 0.6796875 0.61875 0.13828125 0.18046875
1 0.82265625 0.6890625 0.1875 0.215625
1 0.50859375 0.1078125 0.03046875 0.04453125
1 0.440625 0.0890625 0.0515625 0.090625
1 0.2765625 0.2078125 0.0515625 0.075
1 0.57734375 0.084375 0.04375 0.08203125
1 0.659375 0.10546875 0.034375 0.04453125