1 0.1265625 0.25078125 0.05859375 0.06953125
1 0.103125 0.20859375 0.0484375 0.090625
1 0.2765625 0.33203125 0.0734375 0.1359375
1 0.28125 0.21171875 0.06015625 0.0875
1 0.2140625 0.18359375 0.04375 0.065625
1 0.1890625 0.240625 0.071875 0.09609375
1 0.321875 0.12109375 0.03984375 0.053125
1 0.384375 0.26328125 0.06953125 0.090625
1 0.3984375 0.190625 0.05390625 0.05390625
1 0.48125 0.190625 0.0375 0.05859375
1 0.44375 0.090625 0.05625 0.1
1 0.4921875 0.078125 0.04375 0.0859375
1 0.553125 0.1046875 0.034375 0.05390625
1 0.6328125 0.1046875 0.0375 0.07109375
1 0.7875 0.246875 0.0609375 0.0875
1 0.675 0.3 0.0828125 0.10859375
1 0.5609375 0.434375 0.22890625 0.134375
1 0.6734375 0.6046875 0.125 0.16953125
1 0.8109375 0.6890625 0.21796875 0.24140625
1 0.665625 0.153125 0.05390625 0.0625
1 0.675 0.0890625 0.0375 0.0734375