1 0.11640625 0.271875 0.1140625 0.0984375
1 0.3046875 0.37890625 0.06953125 0.1515625
1 0.36640625 0.28828125 0.04140625 0.0734375
1 0.903125 0.38359375 0.13671875 0.10859375
1 0.7953125 0.66796875 0.15546875 0.190625
1 0.5734375 0.67421875 0.18984375 0.2375
1 0.3609375 0.571875 0.15546875 0.153125
1 0.57578125 0.4203125 0.09453125 0.1109375
1 0.5046875 0.3234375 0.05625 0.078125
1 0.4578125 0.253125 0.05078125 0.103125
1 0.36875 0.1609375 0.01796875 0.025
1 0.3875 0.10546875 0.01640625 0.0359375
1 0.4015625 0.1609375 0.02265625 0.03359375
1 0.35859375 0.10078125 0.01875 0.03359375
1 0.3734375 0.234375 0.03671875 0.05703125