1 0.87890625 0.27578125 0.109375 0.090625
1 0.7078125 0.35 0.06875 0.1265625
1 0.64140625 0.128125 0.01875 0.03359375
1 0.625 0.22109375 0.0328125 0.05703125
1 0.6359375 0.2703125 0.0484375 0.06640625
1 0.56875 0.23828125 0.03203125 0.053125
1 0.5328125 0.2703125 0.0640625 0.1140625
1 0.09375 0.38671875 0.15078125 0.11953125
1 0.04140625 0.909375 0.0828125 0.178125
1 0.3390625 0.52265625 0.1234375 0.153125
1 0.5046875 0.5640625 0.15703125 0.196875
1 0.46953125 0.37265625 0.08125 0.10390625
1 0.684375 0.53671875 0.1234375 0.146875
1 0.584375 0.19375 0.0203125 0.053125
1 0.6171875 0.08828125 0.025 0.04609375
1 0.596875 0.15390625 0.03203125 0.03203125