1 0.1875 0.30703125 0.03984375 0.14609375
1 0.05859375 0.29609375 0.040625 0.140625
1 0.3984375 0.1828125 0.03515625 0.1125
1 0.521875 0.38046875 0.04765625 0.18671875
1 0.7109375 0.503125 0.05 0.2125
1 0.72578125 0.3703125 0.0421875 0.15703125
1 0.8375 0.3875 0.03046875 0.20625
1 0.89140625 0.34453125 0.10390625 0.2265625
1 0.540625 0.2171875 0.0796875 0.1421875
1 0.596875 0.353125 0.075 0.18125
1 0.0640625 0.22109375 0.1046875 0.10546875
1 0.6828125 0.21484375 0.0359375 0.121875
1 0.63125 0.19609375 0.03671875 0.1546875
1 0.54375 0.096875 0.03203125 0.0921875