1 0.11796875 0.2734375 0.10390625 0.09453125
1 0.9359375 0.896875 0.128125 0.20546875
1 0.90625 0.37890625 0.15078125 0.1265625
1 0.68125 0.5265625 0.11875 0.146875
1 0.659375 0.82578125 0.2125 0.340625
1 0.35625 0.5796875 0.1640625 0.16953125
1 0.52578125 0.36640625 0.0765625 0.09140625
1 0.48828125 0.29609375 0.0515625 0.075
1 0.45 0.2359375 0.04609375 0.0984375
1 0.36875 0.3046875 0.053125 0.0859375
1 0.315625 0.40703125 0.090625 0.1640625
1 0.35703125 0.22109375 0.04140625 0.053125
1 0.36171875 0.14453125 0.025 0.03359375
1 0.3953125 0.146875 0.0203125 0.04140625
1 0.359375 0.10703125 0.0234375 0.03359375
1 0.3765625 0.071875 0.02578125 0.04453125