1 0.26875 0.4515625 0.09375 0.103125
1 0.41875 0.353125 0.090625 0.08125
1 0.678125 0.66875 0.2015625 0.1421875
1 0.67578125 0.5671875 0.1890625 0.1078125
1 0.665625 0.50078125 0.178125 0.0890625
1 0.65078125 0.45078125 0.165625 0.078125
1 0.6453125 0.4078125 0.128125 0.0828125
1 0.684375 0.365625 0.10625 0.075
1 0.73125 0.3421875 0.0921875 0.0671875
1 0.76171875 0.32265625 0.09375 0.084375
1 0.821875 0.3140625 0.0765625 0.0671875
1 0.86953125 0.30390625 0.0609375 0.0734375
1 0.915625 0.303125 0.06875 0.0640625
1 0.95390625 0.2984375 0.053125 0.06875
1 0.95546875 0.203125 0.0734375 0.053125
1 0.3546875 0.14765625 0.0359375 0.0328125