1 0.9296875 0.22734375 0.096875 0.1234375
1 0.4328125 0.45703125 0.1203125 0.24140625
1 0.2078125 0.68515625 0.16875 0.37265625
1 0.103125 0.3375 0.1015625 0.2046875
0 0.3921875 0.790625 0.28984375 0.24921875
1 0.02578125 0.66015625 0.0515625 0.2734375
1 0.2921875 0.4296875 0.04921875 0.17734375
1 0.24375 0.415625 0.04296875 0.18046875
1 0.3140625 0.28984375 0.0453125 0.140625
1 0.434375 0.28515625 0.0453125 0.13671875
1 0.7265625 0.14296875 0.03671875 0.1140625
1 0.3921875 0.1796875 0.02578125 0.11953125
1 0.340625 0.20234375 0.0328125 0.1109375