1 0.9078125 0.3828125 0.15078125 0.1234375
1 0.8546875 0.7328125 0.178125 0.215625
1 0.5953125 0.45078125 0.096875 0.1265625
1 0.55 0.64765625 0.16484375 0.26796875
1 0.34921875 0.56953125 0.1625 0.165625
1 0.3015625 0.365625 0.07578125 0.1359375
1 0.3625 0.2875 0.04609375 0.075
1 0.5078125 0.3390625 0.0609375 0.090625
1 0.4609375 0.25703125 0.05625 0.1109375
1 0.37578125 0.23203125 0.03671875 0.0484375
1 0.3671875 0.15703125 0.0234375 0.04140625
1 0.4140625 0.18359375 0.02109375 0.040625
1 0.3765625 0.08046875 0.025 0.040625
1 0.3953125 0.134375 0.02109375 0.02890625